0.000000000000000000e+00,3.461639319423337838e+03,3.934879964285207734e+03,4.190072765212749800e+03,4.266286050731542673e+03,4.272504261749371835e+03,4.149908419337550185e+03,3.786408456571983606e+03,3.183924971198632647e+03,2.357103542721682061e+03,1.230607031780113857e+03,1.529556072126087884e+03,2.313430905723252636e+03,2.817401975027518802e+03,3.064298886640583532e+03,3.127543356125454466e+03,2.762928096542999810e+03,2.256627843092914645e+03,1.397635543019391207e+03,1.639797988913406698e+03,2.600608603983143439e+03,3.919867458076702405e+03,4.304178073556983691e+03,4.441578060404500320e+03,4.454247486014512106e+03,4.400477713965949079e+03,3.642000503386366290e+03,2.906850758696327830e+03,1.993419173179589734e+03,1.572840777418714197e+03,2.266603062833107288e+03,2.998421343900090051e+03,3.135475650607993884e+03,3.149774330540744359e+03,2.975247085911066733e+03,2.569178294924493912e+03,1.405685795459123256e+03,2.366257664189025945e+03,3.146218982984014474e+03,3.798474884008616300e+03,4.187881591237029170e+03,4.365105242462968818e+03,4.339198108201798277e+03,4.137009252534412553e+03,3.653013839436002854e+03,3.083004685187646373e+03,2.822190933772300923e+03,2.922997719237324873e+03,3.209355352368725562e+03,3.664631086480605973e+03,4.263968795487254283e+03,5.041939044983882923e+03,5.655340131238856884e+03,6.491011323360995448e+03,7.506898841880097279e+03,7.511767975058176489e+03
3.461639319423337838e+03,0.000000000000000000e+00,1.696228954671705651e+03,2.364141211236480103e+03,2.596240850837154539e+03,2.538060173527114785e+03,2.098201981591747426e+03,1.091943221967146656e+03,1.576226330335990269e+03,2.660386584272642722e+03,3.322396424269675663e+03,3.733621759691824536e+03,3.982555516806293326e+03,4.187038810424354779e+03,4.248839030971980719e+03,4.275431933994743304e+03,4.133750677854973219e+03,3.967192654202133781e+03,3.734541129033696507e+03,3.316207706938083447e+03,2.524231346150524132e+03,1.555524527468326369e+03,2.429860466958727102e+03,2.812624673779925615e+03,2.838820940695874469e+03,2.596446802844226568e+03,1.622938555693206354e+03,2.542903087243221762e+03,3.287572576300715355e+03,3.704007799367820553e+03,3.951422050632158061e+03,4.213554239989453890e+03,4.279516548500389945e+03,4.296376483606702095e+03,4.217202311169470704e+03,4.077194746391175158e+03,3.567833049158346057e+03,2.917361460102091314e+03,1.897549706566048371e+03,1.324073176896870109e+03,2.201813469746137798e+03,2.791814085659891134e+03,2.645343350955501592e+03,2.096710995821782490e+03,1.209416388180681224e+03,2.437972746178896159e+03,4.306795018727162642e+03,4.468401006574425992e+03,4.559175936747998094e+03,4.770513226524401944e+03,5.223233928005388407e+03,5.895114766576696638e+03,6.498182284300780339e+03,7.333627971353766043e+03,8.313094256118447447e+03,8.318113033882313175e+03
3.934879964285207734e+03,1.696228954671705651e+03,0.000000000000000000e+00,1.206708424691823438e+03,1.584430461992223172e+03,1.502552014259595126e+03,8.911094208906120002e+02,1.350112670195427199e+03,2.451669703147909786e+03,3.261964285518767156e+03,3.805597222805119600e+03,4.149269400214372581e+03,4.357818337960707140e+03,4.539067133723016923e+03,4.576853674256558406e+03,4.601374070137478157e+03,4.487578461090619385e+03,4.343540875061874431e+03,4.153736243164406005e+03,3.834090041254150947e+03,3.184828741253000317e+03,1.365035652770039633e+03,1.449263606111736181e+03,1.952412183257759580e+03,1.974967594670858489e+03,1.669571402086975013e+03,2.428647909159878054e+03,3.172690778783508449e+03,3.798304256141424048e+03,4.125149317162795342e+03,4.329631932008377589e+03,4.553707183286070176e+03,4.610095841375408781e+03,4.626475740537061938e+03,4.561742552042050193e+03,4.444767897952225212e+03,4.033843025646305705e+03,3.506111473793518144e+03,2.738830204464847156e+03,1.706569854024930692e+03,1.245838093636391022e+03,1.901640315330131898e+03,1.678477914990580530e+03,1.219835007058108431e+03,1.776929248888533493e+03,3.076158390662705187e+03,4.671259953755007700e+03,4.805360039696408421e+03,4.875831245370714896e+03,5.059521431035875139e+03,5.479486249235037576e+03,6.122620617204868722e+03,6.711143477662993064e+03,7.527222307509393431e+03,8.494121123851778975e+03,8.499297892571185002e+03
4.190072765212749800e+03,2.364141211236480103e+03,1.206708424691823438e+03,0.000000000000000000e+00,6.636156853011966632e+02,6.521686898341563392e+02,9.961296769664719477e+02,2.037212392789058185e+03,2.885949025498871379e+03,3.593810790790168994e+03,4.063178681771184529e+03,4.384813894441685079e+03,4.577375946495507378e+03,4.747186804366957404e+03,4.777410514308194251e+03,4.800440454328730084e+03,4.698834311708503265e+03,4.565726703749731314e+03,4.389964464548656906e+03,4.110532447262737151e+03,3.543427844459196422e+03,2.031903705067409646e+03,1.360902478341321512e+03,1.441534175029428297e+03,1.451287321273387988e+03,1.497385016917454323e+03,2.871583167677541496e+03,3.523925809535580811e+03,4.073241706552630603e+03,4.358018267770586135e+03,4.550498641785200562e+03,4.756720567319024667e+03,4.809556389800099168e+03,4.825413016289699954e+03,4.766650640998726885e+03,4.661566022033572153e+03,4.275627894109667977e+03,3.821696627299311331e+03,3.147644392593020712e+03,2.325874483094711195e+03,1.450554223583370685e+03,1.249555565435610333e+03,1.120951084273234983e+03,1.566340178746484980e+03,2.367319886378779302e+03,3.442604488852392024e+03,4.882181764106850096e+03,5.014315074530793936e+03,5.078154826750024768e+03,5.246665554849548244e+03,5.651029788159593409e+03,6.279326237742388003e+03,6.852424501996096296e+03,7.654094503379692469e+03,8.604739172236470040e+03,8.609664150115051598e+03
4.266286050731542673e+03,2.596240850837154539e+03,1.584430461992223172e+03,6.636156853011966632e+02,0.000000000000000000e+00,4.927586743134134508e+02,1.264565230512932203e+03,2.245005345205220237e+03,3.019253918143071132e+03,3.693709216732906043e+03,4.120798398908182207e+03,4.435870877792146530e+03,4.627213572382907842e+03,4.793805180763122735e+03,4.823050498503141171e+03,4.846459681504090440e+03,4.751204303472289212e+03,4.621713066241430170e+03,4.446505544307302443e+03,4.186569677751278505e+03,3.661688651125000433e+03,2.266421751474232678e+03,1.567029177917387642e+03,1.397818578277517190e+03,1.400185067132993026e+03,1.646806033238617374e+03,3.022685799821832461e+03,3.642064066798733165e+03,4.151054377437642870e+03,4.416658150935187223e+03,4.610667473973332562e+03,4.812446605764433116e+03,4.863483228213230177e+03,4.879703030581568783e+03,4.824215848773333164e+03,4.724713277602746530e+03,4.341358376770498580e+03,3.928727868746633249e+03,3.287745208430176262e+03,2.537855371940823261e+03,1.711948078132698356e+03,1.109754827778544268e+03,1.133080756168777498e+03,1.801093495012897165e+03,2.555742184006664957e+03,3.559139362261599672e+03,4.932897469484256362e+03,5.067641276877361634e+03,5.132989577234710850e+03,5.296292067726909409e+03,5.690866649485178641e+03,6.315109253915473346e+03,6.892221154638423286e+03,7.693645184320809676e+03,8.640821938784323720e+03,8.645777717090119040e+03
4.272504261749371835e+03,2.538060173527114785e+03,1.502552014259595126e+03,6.521686898341563392e+02,4.927586743134134508e+02,0.000000000000000000e+00,1.045998459739676946e+03,2.128351500836063224e+03,2.955625070193382726e+03,3.656494131450670920e+03,4.109150534004678775e+03,4.417792032729074890e+03,4.602311556888212181e+03,4.767089153770908524e+03,4.802685973031741014e+03,4.829253024824652130e+03,4.737161609140157452e+03,4.607895458401335418e+03,4.440561601119092302e+03,4.178885404294069303e+03,3.630872867201167537e+03,2.184078346173095269e+03,1.482719423521822137e+03,1.418562378685625390e+03,1.417859341088216070e+03,1.573025852722493937e+03,2.965129583078037740e+03,3.611154909136084825e+03,4.145874388406411526e+03,4.417555872752362120e+03,4.605628693964237755e+03,4.809981762497218369e+03,4.860299487800251882e+03,4.876849221919168485e+03,4.821208919394045552e+03,4.720934512007852391e+03,4.346118178584431007e+03,3.912312728922458518e+03,3.254564230942966333e+03,2.475103297507668685e+03,1.624339592299319293e+03,1.184733444000523377e+03,1.117988670187080288e+03,1.699309009895233203e+03,2.487511585679331802e+03,3.520899269599540730e+03,4.926651973365522281e+03,5.056660305423388309e+03,5.116677090108832999e+03,5.281013949359879916e+03,5.671196003587912855e+03,6.293106016374846149e+03,6.871972868915596337e+03,7.675456700129064302e+03,8.629562200817395933e+03,8.634548621027477566e+03
4.149908419337550185e+03,2.098201981591747426e+03,8.911094208906120002e+02,9.961296769664719477e+02,1.264565230512932203e+03,1.045998459739676946e+03,0.000000000000000000e+00,1.531534379488609602e+03,2.624456451661324536e+03,3.431176879407075376e+03,3.963699870911833386e+03,4.289830493931737692e+03,4.479683991830976083e+03,4.647637177462704130e+03,4.681850868572792024e+03,4.708881631791403379e+03,4.614800224398797582e+03,4.484354629647893489e+03,4.315243819556679227e+03,4.021737932784754321e+03,3.396998920616046234e+03,1.637392812437571592e+03,1.296599184190875803e+03,1.723431976544996587e+03,1.737434603085827803e+03,1.473893558647372402e+03,2.629654856947332519e+03,3.373000757650534979e+03,3.987209425149349954e+03,4.297106959597592322e+03,4.487786214951772308e+03,4.695733548185609834e+03,4.746357024076491143e+03,4.764161206340550962e+03,4.708038893448357157e+03,4.605757182290690253e+03,4.226652155600721017e+03,3.722727867811132455e+03,2.983389906353751030e+03,2.014642565485661862e+03,1.243586703406277593e+03,1.658762557517574805e+03,1.409735475580829643e+03,1.199839757819539045e+03,2.026413416194556476e+03,3.254734329489220272e+03,4.802148361815629869e+03,4.930035609517557532e+03,4.994580807679907593e+03,5.159949762890702004e+03,5.560627382669087638e+03,6.190250748825385926e+03,6.775362171541564749e+03,7.586050450955688575e+03,8.546231365669553270e+03,8.551433927840451361e+03
3.786408456571983606e+03,1.091943221967146656e+03,1.350112670195427199e+03,2.037212392789058185e+03,2.245005345205220237e+03,2.128351500836063224e+03,1.531534379488609602e+03,0.000000000000000000e+00,1.810218679239244238e+03,2.876544937555798242e+03,3.537536776408737296e+03,3.942871415605612583e+03,4.164938334877627312e+03,4.353550887876847810e+03,4.395590770558846089e+03,4.422927587519873668e+03,4.309642547693349115e+03,4.163012103967230360e+03,3.967424143362180075e+03,3.584757267468262398e+03,2.829117628441003035e+03,1.215640708981618445e+03,2.040134663311328723e+03,2.482565876937274879e+03,2.502529453706124514e+03,2.210693707112462107e+03,1.836321383152262115e+03,2.806674722870480309e+03,3.547365986819562295e+03,3.948643452011200225e+03,4.167410813549429804e+03,4.402713178635784971e+03,4.459514659691108136e+03,4.478922266200492231e+03,4.414374096819004080e+03,4.296265548900181784e+03,3.846180009654577589e+03,3.227639884222264300e+03,2.295819098564452815e+03,1.260594039861101692e+03,1.843229804205408982e+03,2.473974288018729112e+03,2.291559173236511924e+03,1.634977573750382362e+03,1.150559477433093889e+03,2.656769006811765848e+03,4.475440214225950513e+03,4.626486643952024679e+03,4.710108880553253584e+03,4.886597111828771631e+03,5.316269222344232730e+03,5.975722634125490003e+03,6.582326395567029977e+03,7.413924938924073103e+03,8.388007875002827859e+03,8.393276780323012645e+03
3.183924971198632647e+03,1.576226330335990269e+03,2.451669703147909786e+03,2.885949025498871379e+03,3.019253918143071132e+03,2.955625070193382726e+03,2.624456451661324536e+03,1.810218679239244238e+03,0.000000000000000000e+00,1.926912787047943311e+03,2.854105172086941820e+03,3.379476849717675123e+03,3.666689560534572138e+03,3.908890678099498928e+03,3.969637249030281055e+03,3.997009395924772434e+03,3.846590770481749587e+03,3.655646606431073451e+03,3.399361279874651245e+03,2.885102366756986612e+03,1.826132464466305464e+03,2.261516256359379440e+03,2.906296115524226479e+03,3.202018998486224518e+03,3.217506039017046533e+03,3.036552193232043464e+03,1.540343792794318460e+03,1.850525270775246781e+03,2.841621407264226491e+03,3.377339929589547864e+03,3.657898835245287046e+03,3.967220787626723450e+03,4.033925879338861250e+03,4.055603133663054450e+03,3.978373020329882820e+03,3.818974876993953785e+03,3.229962142881010095e+03,2.405723453211795004e+03,1.272208097932269311e+03,2.040841465888243874e+03,2.760275751120221685e+03,3.174515431089016602e+03,3.063707449044933583e+03,2.629326571999429689e+03,1.776679080632055502e+03,1.671480547964055859e+03,3.961450477904371382e+03,4.143948640286604132e+03,4.268505567265621721e+03,4.486444038557804561e+03,4.965464026654497502e+03,5.661763565062227826e+03,6.292040386251715972e+03,7.147568195625093722e+03,8.143323250095994808e+03,8.148622385273243708e+03
2.357103542721682061e+03,2.660386584272642722e+03,3.261964285518767156e+03,3.593810790790168994e+03,3.693709216732906043e+03,3.656494131450670920e+03,3.431176879407075376e+03,2.876544937555798242e+03,1.926912787047943311e+03,0.000000000000000000e+00,1.833300211822017218e+03,2.636528188525383939e+03,3.029572595451567850e+03,3.377014016356261436e+03,3.522799470749223474e+03,3.562231089265996616e+03,3.323385338944481646e+03,3.038287328230976073e+03,2.666474826432843201e+03,1.800378694731871747e+03,1.233424771385210533e+03,3.129952679798510871e+03,3.611675788328716408e+03,3.839004659775446726e+03,3.852041536639995684e+03,3.729648315264510074e+03,2.661656313901810336e+03,1.555087778872946046e+03,1.809941558295309278e+03,2.656676265143689761e+03,3.030610774524946464e+03,3.505651801813109159e+03,3.600660494964762165e+03,3.624248381848741701e+03,3.497504141844893638e+03,3.244677179628199610e+03,2.352134042854600466e+03,1.301874289886186489e+03,2.101534333660885295e+03,2.970883650812798805e+03,3.504427104867957496e+03,3.809881450474081703e+03,3.740360469853711038e+03,3.415086040887776562e+03,2.783552266838602009e+03,1.915855799491300331e+03,3.366367858026726481e+03,3.599527484422248108e+03,3.763717665642128395e+03,4.069983114898072017e+03,4.613638152261179130e+03,5.354548201710757894e+03,5.990144294311049634e+03,6.868402579930816501e+03,7.883368682091209848e+03,7.888506836601574832e+03
1.230607031780113857e+03,3.322396424269675663e+03,3.805597222805119600e+03,4.063178681771184529e+03,4.120798398908182207e+03,4.109150534004678775e+03,3.963699870911833386e+03,3.537536776408737296e+03,2.854105172086941820e+03,1.833300211822017218e+03,0.000000000000000000e+00,1.738334419942131717e+03,2.461329044777778108e+03,2.900215394299779291e+03,3.149234686572459850e+03,3.212784047105149966e+03,2.880912548327561126e+03,2.486276466257662833e+03,1.705211195782568439e+03,1.172023511330345173e+03,2.275716761325483731e+03,3.708440807431346002e+03,4.111510279420148436e+03,4.267709690220244738e+03,4.279750343185895872e+03,4.215941993064974668e+03,3.378972098796379669e+03,2.571309934212094504e+03,1.496843011140444332e+03,1.751081126364827924e+03,2.476977010614169103e+03,3.101856576668601065e+03,3.241065205556145884e+03,3.259320004063564284e+03,3.085346081794471047e+03,2.771848540835769654e+03,1.290287134280150667e+03,2.037659632465083632e+03,2.898581568821415658e+03,3.594629667218071518e+03,4.020565037680898513e+03,4.208191258327789910e+03,4.176975846497317434e+03,3.945941501509257705e+03,3.438250007069150342e+03,2.784690327886082287e+03,2.803286404680512533e+03,3.107406027898861794e+03,3.376771617322617658e+03,3.749231121176712804e+03,4.356139549851205629e+03,5.127167324924884269e+03,5.776024074665183434e+03,6.642243153567293120e+03,7.612882145124417548e+03,7.617840215937460925e+03
1.529556072126087884e+03,3.733621759691824536e+03,4.149269400214372581e+03,4.384813894441685079e+03,4.435870877792146530e+03,4.417792032729074890e+03,4.289830493931737692e+03,3.942871415605612583e+03,3.379476849717675123e+03,2.636528188525383939e+03,1.738334419942131717e+03,0.000000000000000000e+00,1.535678387915620533e+03,2.331905062866464505e+03,2.754372907053639665e+03,2.850905606606047968e+03,2.341720663671623697e+03,1.562900188751670612e+03,1.034690613984041420e+03,2.067961771621723528e+03,2.820404226347719487e+03,4.044209632988298836e+03,4.402103714261073037e+03,4.538202862612278295e+03,4.549414907435907480e+03,4.490746597170681525e+03,3.780744532790080484e+03,3.091601706415488934e+03,2.366937918727712713e+03,1.392539446877932050e+03,1.630742809615025863e+03,2.726929225337548814e+03,2.895803477064322124e+03,2.904681948548284709e+03,2.669820738884506227e+03,2.087262854127914125e+03,1.848448929357920861e+03,2.656462100028708392e+03,3.349074581963723631e+03,3.953620492662366360e+03,4.319046293904340928e+03,4.488219097444632098e+03,4.461192466395308657e+03,4.253453368212166424e+03,3.824298933573729755e+03,3.290827065917891559e+03,3.017254620419756520e+03,2.611488996296512596e+03,2.910297464750516610e+03,3.504786108547380081e+03,4.127207517061508042e+03,4.937489983112171103e+03,5.533730608228510391e+03,6.385496378512816591e+03,7.617511302547765808e+03,7.622259208688914441e+03
2.313430905723252636e+03,3.982555516806293326e+03,4.357818337960707140e+03,4.577375946495507378e+03,4.627213572382907842e+03,4.602311556888212181e+03,4.479683991830976083e+03,4.164938334877627312e+03,3.666689560534572138e+03,3.029572595451567850e+03,2.461329044777778108e+03,1.535678387915620533e+03,0.000000000000000000e+00,1.377049099423191819e+03,2.083898483345313707e+03,2.243155961289065999e+03,1.413084805192764634e+03,1.012982614746069430e+03,1.938957136653041744e+03,2.609667454336330593e+03,3.181339637462320297e+03,4.264932681505970322e+03,4.593588345606185612e+03,4.719541479611967588e+03,4.728477474010252990e+03,4.673544407977041374e+03,4.029110047861386647e+03,3.426807665711304253e+03,2.865621611836129887e+03,2.232029271014747337e+03,1.417301034439122077e+03,2.128144314237692015e+03,2.359370561070141775e+03,2.356851713621370891e+03,1.963405148658261396e+03,1.338968135045288136e+03,2.515540012712093812e+03,3.030560729194083251e+03,3.644519020239681595e+03,4.188315015213940569e+03,4.518392671441182756e+03,4.676637003944913886e+03,4.649438138097993942e+03,4.453366654066961928e+03,4.059085501823157301e+03,3.602797215744694313e+03,3.443733697279406442e+03,2.735096220123399235e+03,2.473569373283161895e+03,3.051638685471567896e+03,3.742231776182061822e+03,4.601972632590368448e+03,5.217542258786489583e+03,6.342580818913133953e+03,7.803355937600660582e+03,7.808063737786205820e+03
2.817401975027518802e+03,4.187038810424354779e+03,4.539067133723016923e+03,4.747186804366957404e+03,4.793805180763122735e+03,4.767089153770908524e+03,4.647637177462704130e+03,4.353550887876847810e+03,3.908890678099498928e+03,3.377014016356261436e+03,2.900215394299779291e+03,2.331905062866464505e+03,1.377049099423191819e+03,0.000000000000000000e+00,1.203843289912215369e+03,1.440821062218812131e+03,9.335239091147553836e+02,1.820024480909830800e+03,2.559760340344391807e+03,2.981687628023968045e+03,3.476117741900509827e+03,4.432646049483305433e+03,4.747765146770544561e+03,4.867362552987243362e+03,4.876765970736510099e+03,4.824733613832448100e+03,4.228541750217587833e+03,3.697037477644904357e+03,3.223425800121498469e+03,2.798195450246073960e+03,2.177757205118245565e+03,1.453732513986740969e+03,1.705702624857115325e+03,1.681475542492369186e+03,1.328811499047171537e+03,1.751589912685678883e+03,2.925433984898666949e+03,3.344350011586705477e+03,3.876614674343215938e+03,4.367788507293407747e+03,4.679965705002571667e+03,4.831869605948528260e+03,4.806000936329527576e+03,4.623250552010659703e+03,4.250359461922656919e+03,3.877029017172795648e+03,3.788158890249689193e+03,3.251186826034113437e+03,2.795350604128214400e+03,2.692699017714383444e+03,3.415114541758947325e+03,4.340631508074428893e+03,5.243565527810731510e+03,6.563436066573703101e+03,7.984717200864183724e+03,7.989271403297932011e+03
3.064298886640583532e+03,4.248839030971980719e+03,4.576853674256558406e+03,4.777410514308194251e+03,4.823050498503141171e+03,4.802685973031741014e+03,4.681850868572792024e+03,4.395590770558846089e+03,3.969637249030281055e+03,3.522799470749223474e+03,3.149234686572459850e+03,2.754372907053639665e+03,2.083898483345313707e+03,1.203843289912215369e+03,0.000000000000000000e+00,5.242751610027368088e+02,1.368843469664972645e+03,2.248360291412391689e+03,2.843370046656299110e+03,3.184627136730453913e+03,3.566337850886613978e+03,4.446814352869800132e+03,4.755228899736494895e+03,4.875655192438841368e+03,4.882229397405367308e+03,4.831129888545770882e+03,4.248818345532459716e+03,3.766240551118414714e+03,3.416916169751767939e+03,3.059378005049034982e+03,2.572667184935599835e+03,1.211689545863774129e+03,1.174264545246185435e+03,1.176702926731204798e+03,1.438874482982367681e+03,2.206441151618497315e+03,3.149798864830721868e+03,3.483830379210657156e+03,3.938644070122473750e+03,4.401358376178362960e+03,4.701276717847827058e+03,4.846816354864093228e+03,4.820703602403131299e+03,4.637592059583434093e+03,4.281241304938435860e+03,3.930948994835704525e+03,3.931135402851889012e+03,3.465535424400937245e+03,3.109014974410880768e+03,2.571502587118197880e+03,3.240284452533989679e+03,4.237617949849721299e+03,5.379113072286648276e+03,6.673778797985817619e+03,8.053260588799395919e+03,8.057787799527903189e+03
3.127543356125454466e+03,4.275431933994743304e+03,4.601374070137478157e+03,4.800440454328730084e+03,4.846459681504090440e+03,4.829253024824652130e+03,4.708881631791403379e+03,4.422927587519873668e+03,3.997009395924772434e+03,3.562231089265996616e+03,3.212784047105149966e+03,2.850905606606047968e+03,2.243155961289065999e+03,1.440821062218812131e+03,5.242751610027368088e+02,0.000000000000000000e+00,1.492824020290254111e+03,2.324855646653744316e+03,2.888803847038891035e+03,3.220830948683896167e+03,3.581521790151947243e+03,4.454277282692572044e+03,4.762092922234955040e+03,4.886507841893755540e+03,4.892732672035159339e+03,4.842045825658618924e+03,4.259285594765588030e+03,3.782844770216643155e+03,3.456263991331932175e+03,3.108650797014329783e+03,2.653393676030759252e+03,1.265271248915950309e+03,1.116124495246340530e+03,1.136616714444920035e+03,1.538489085650813422e+03,2.299300449170475986e+03,3.196296850349724082e+03,3.512607752400223490e+03,3.956522715718918789e+03,4.417138616293973428e+03,4.716750376171222342e+03,4.861780412336420341e+03,4.835513450848176944e+03,4.654566610688215405e+03,4.303135497647148441e+03,3.961615747814670158e+03,3.976947237936813053e+03,3.526836731879339368e+03,3.193814038279483157e+03,2.620215979223431987e+03,3.251533586888934678e+03,4.255298279139085935e+03,5.415148884790251941e+03,6.686299100897846074e+03,8.050218582263508324e+03,8.054653851449179456e+03
2.762928096542999810e+03,4.133750677854973219e+03,4.487578461090619385e+03,4.698834311708503265e+03,4.751204303472289212e+03,4.737161609140157452e+03,4.614800224398797582e+03,4.309642547693349115e+03,3.846590770481749587e+03,3.323385338944481646e+03,2.880912548327561126e+03,2.341720663671623697e+03,1.413084805192764634e+03,9.335239091147553836e+02,1.368843469664972645e+03,1.492824020290254111e+03,0.000000000000000000e+00,1.483005806536919636e+03,2.383308181685471936e+03,2.855974361851950107e+03,3.336717032586904679e+03,4.328531069799796569e+03,4.656437157312464478e+03,4.790618725987080325e+03,4.798353548643332942e+03,4.745845926234415856e+03,4.126603149753483194e+03,3.586047607665629585e+03,3.128925925049121361e+03,2.678039415526058292e+03,1.967950654304562704e+03,1.435662293933438605e+03,1.706855100274575534e+03,1.682809357394157360e+03,1.188258482916166940e+03,1.452690492385308971e+03,2.823918672105616679e+03,3.229107461822853111e+03,3.767568004252413175e+03,4.276180408833193724e+03,4.599180325521793748e+03,4.754884377610532283e+03,4.730064681258507335e+03,4.551941087785156014e+03,4.171225079837641715e+03,3.787917780405352005e+03,3.728828800336937547e+03,3.139064191761611710e+03,2.678226714326728143e+03,2.712021181497092130e+03,3.440364450978360765e+03,4.348408636118077993e+03,5.156958093467351318e+03,6.461464324920703802e+03,7.896799921487098800e+03,7.901341039483165332e+03
2.256627843092914645e+03,3.967192654202133781e+03,4.343540875061874431e+03,4.565726703749731314e+03,4.621713066241430170e+03,4.607895458401335418e+03,4.484354629647893489e+03,4.163012103967230360e+03,3.655646606431073451e+03,3.038287328230976073e+03,2.486276466257662833e+03,1.562900188751670612e+03,1.012982614746069430e+03,1.820024480909830800e+03,2.248360291412391689e+03,2.324855646653744316e+03,1.483005806536919636e+03,0.000000000000000000e+00,1.616269882579432760e+03,2.477017561504160312e+03,3.044919575657493169e+03,4.167749925852600427e+03,4.515978311629849486e+03,4.660728626870851258e+03,4.668596708029334877e+03,4.613045438993887728e+03,3.949501881390988274e+03,3.335776121584496650e+03,2.797091167623978890e+03,2.037208165875811346e+03,1.146215027335140576e+03,2.194200740335505543e+03,2.390034936983141051e+03,2.387284975773852238e+03,2.041832945609843591e+03,1.215209309817312260e+03,2.383714934485430604e+03,2.929930166024066239e+03,3.548574330316011583e+03,4.110097700920378884e+03,4.454841398847878736e+03,4.620318303128294247e+03,4.597752385677167695e+03,4.415973492774710394e+03,4.019133516346779743e+03,3.574435433277067204e+03,3.426460434779746265e+03,2.674353504431802321e+03,2.564777508219123774e+03,3.194656267373163701e+03,3.851820550798760905e+03,4.699198572333573793e+03,5.262933645368918405e+03,6.277157344955914596e+03,7.737915718503610151e+03,7.742548962999397190e+03
1.397635543019391207e+03,3.734541129033696507e+03,4.153736243164406005e+03,4.389964464548656906e+03,4.446505544307302443e+03,4.440561601119092302e+03,4.315243819556679227e+03,3.967424143362180075e+03,3.399361279874651245e+03,2.666474826432843201e+03,1.705211195782568439e+03,1.034690613984041420e+03,1.938957136653041744e+03,2.559760340344391807e+03,2.843370046656299110e+03,2.888803847038891035e+03,2.383308181685471936e+03,1.616269882579432760e+03,0.000000000000000000e+00,1.785620122596689043e+03,2.661973244710701692e+03,3.945322744156097542e+03,4.324715944429176488e+03,4.481839218198017079e+03,4.493056346556692915e+03,4.436897051368722714e+03,3.710407060627635929e+03,3.002983960441138152e+03,2.213593107245416377e+03,1.144573622698769441e+03,1.725344055865700284e+03,2.729395150741081125e+03,2.880714147568276076e+03,2.888423118435236574e+03,2.675824836486048298e+03,2.121901505725460083e+03,1.545214368443567537e+03,2.518189826045691461e+03,3.250126715478431379e+03,3.875596025846266002e+03,4.257698517587469723e+03,4.436210670280563136e+03,4.416936218189656756e+03,4.229387137110457843e+03,3.797596505978755431e+03,3.286823745401226915e+03,2.982931127450151052e+03,2.772160188573364394e+03,3.091326755797752412e+03,3.618417533182766419e+03,4.225964229222343420e+03,5.022461503640940464e+03,5.600750544941935914e+03,6.424094938415713841e+03,7.561187267148421597e+03,7.565906679895503657e+03
1.639797988913406698e+03,3.316207706938083447e+03,3.834090041254150947e+03,4.110532447262737151e+03,4.186569677751278505e+03,4.178885404294069303e+03,4.021737932784754321e+03,3.584757267468262398e+03,2.885102366756986612e+03,1.800378694731871747e+03,1.172023511330345173e+03,2.067961771621723528e+03,2.609667454336330593e+03,2.981687628023968045e+03,3.184627136730453913e+03,3.220830948683896167e+03,2.855974361851950107e+03,2.477017561504160312e+03,1.785620122596689043e+03,0.000000000000000000e+00,1.876825008121722931e+03,3.557358836115465692e+03,4.002338941169252848e+03,4.201645471320306569e+03,4.215313709164058309e+03,4.136532847687759386e+03,3.234891961101646302e+03,2.325334360664905034e+03,1.164661944275871747e+03,1.903304786709447399e+03,2.494948897272245631e+03,3.076218421662842047e+03,3.211359473286457160e+03,3.225369263958607917e+03,3.040422302539213888e+03,2.718427057448244341e+03,1.258204452561046537e+03,1.602625866091858370e+03,2.688904072500764869e+03,3.462257933776725167e+03,3.935040547581550982e+03,4.173358027083466368e+03,4.143289098717988963e+03,3.915811126417819196e+03,3.390578383960134033e+03,2.728727338685365794e+03,3.032963420668144863e+03,3.333512861832094586e+03,3.546683317630096099e+03,3.883734142405842704e+03,4.475478894300961656e+03,5.238665701620298933e+03,5.851823770795319433e+03,6.715884280321345614e+03,7.689583163099335252e+03,7.694340286499097601e+03
2.600608603983143439e+03,2.524231346150524132e+03,3.184828741253000317e+03,3.543427844459196422e+03,3.661688651125000433e+03,3.630872867201167537e+03,3.396998920616046234e+03,2.829117628441003035e+03,1.826132464466305464e+03,1.233424771385210533e+03,2.275716761325483731e+03,2.820404226347719487e+03,3.181339637462320297e+03,3.476117741900509827e+03,3.566337850886613978e+03,3.581521790151947243e+03,3.336717032586904679e+03,3.044919575657493169e+03,2.661973244710701692e+03,1.876825008121722931e+03,0.000000000000000000e+00,2.801181496757727473e+03,3.371567785664893563e+03,3.652103336130787284e+03,3.666921839605753121e+03,3.533049532627569079e+03,2.327002053191084997e+03,1.192738958122116628e+03,1.982010763509281105e+03,2.690029677655382784e+03,3.040297079782388664e+03,3.473792372097731459e+03,3.562578716479259128e+03,3.580920040064174827e+03,3.467135080533586461e+03,3.226253175985349117e+03,2.414611608980258552e+03,1.241800753386429051e+03,1.590839156615857291e+03,2.665827930597851719e+03,3.279269668013825139e+03,3.643458704765730090e+03,3.576522923486172203e+03,3.260971225468470493e+03,2.591712839888802137e+03,1.771394836468332414e+03,3.567888747019874700e+03,3.776660120618038945e+03,3.942549936272201194e+03,4.207620375250366124e+03,4.739073479536304148e+03,5.473391128399638546e+03,6.084459640026520901e+03,6.928910833120451571e+03,7.929499157505946641e+03,7.934501951743464815e+03
3.919867458076702405e+03,1.555524527468326369e+03,1.365035652770039633e+03,2.031903705067409646e+03,2.266421751474232678e+03,2.184078346173095269e+03,1.637392812437571592e+03,1.215640708981618445e+03,2.261516256359379440e+03,3.129952679798510871e+03,3.708440807431346002e+03,4.044209632988298836e+03,4.264932681505970322e+03,4.432646049483305433e+03,4.446814352869800132e+03,4.454277282692572044e+03,4.328531069799796569e+03,4.167749925852600427e+03,3.945322744156097542e+03,3.557358836115465692e+03,2.801181496757727473e+03,0.000000000000000000e+00,1.541432162344848166e+03,2.149061267933818272e+03,2.170078083592586154e+03,1.833914241300411504e+03,1.882935326675997430e+03,2.803589286769547016e+03,3.520456725420073326e+03,3.902634936096926594e+03,4.128116613878249154e+03,4.360204595097688980e+03,4.415950180878391620e+03,4.432270060464367816e+03,4.373316044173136106e+03,4.254572598980999828e+03,3.805428855960601140e+03,3.206077111431423418e+03,2.318641580274486387e+03,1.077522002868928666e+03,1.425284377082533865e+03,2.220947095272637853e+03,2.042944824403132770e+03,1.400477140913843186e+03,1.403437882091293432e+03,2.858960086775932723e+03,4.599474039979369991e+03,4.757513601311774437e+03,4.868232373710652610e+03,5.016913271901145890e+03,5.466199847954520010e+03,6.129398756086189678e+03,6.718925856613345786e+03,7.521009432841407943e+03,8.479708747618798952e+03,8.484725615939274576e+03
4.304178073556983691e+03,2.429860466958727102e+03,1.449263606111736181e+03,1.360902478341321512e+03,1.567029177917387642e+03,1.482719423521822137e+03,1.296599184190875803e+03,2.040134663311328723e+03,2.906296115524226479e+03,3.611675788328716408e+03,4.111510279420148436e+03,4.402103714261073037e+03,4.593588345606185612e+03,4.747765146770544561e+03,4.755228899736494895e+03,4.762092922234955040e+03,4.656437157312464478e+03,4.515978311629849486e+03,4.324715944429176488e+03,4.002338941169252848e+03,3.371567785664893563e+03,1.541432162344848166e+03,0.000000000000000000e+00,1.115506113335504324e+03,1.141140657412571045e+03,8.238131530335676871e+02,2.488178383208625746e+03,3.254528946970148809e+03,3.881895069850955679e+03,4.222240887385626593e+03,4.429339316170960046e+03,4.662823596158140390e+03,4.715165674006968402e+03,4.735785174838748389e+03,4.686850790598475214e+03,4.595645015785185024e+03,4.209761394663571082e+03,3.699994864861280348e+03,2.988579205352733425e+03,2.052976078228329698e+03,1.201539752891175112e+03,1.518909184616089078e+03,1.336121667779960717e+03,1.195894272547162700e+03,2.262294042191088465e+03,3.344854738583165727e+03,4.885728343291726560e+03,5.015855449361451974e+03,5.132453604271559925e+03,5.246004987924962734e+03,5.693430922270597875e+03,6.325313009382743076e+03,6.898917274149360310e+03,7.677759149358379545e+03,8.623487641964231443e+03,8.628364367982228941e+03
4.441578060404500320e+03,2.812624673779925615e+03,1.952412183257759580e+03,1.441534175029428297e+03,1.397818578277517190e+03,1.418562378685625390e+03,1.723431976544996587e+03,2.482565876937274879e+03,3.202018998486224518e+03,3.839004659775446726e+03,4.267709690220244738e+03,4.538202862612278295e+03,4.719541479611967588e+03,4.867362552987243362e+03,4.875655192438841368e+03,4.886507841893755540e+03,4.790618725987080325e+03,4.660728626870851258e+03,4.481839218198017079e+03,4.201645471320306569e+03,3.652103336130787284e+03,2.149061267933818272e+03,1.115506113335504324e+03,0.000000000000000000e+00,3.784161436537528402e+02,8.369940926381195823e+02,2.707034539860934274e+03,3.424375028137721529e+03,3.994059241200863653e+03,4.306481291159992907e+03,4.512327731399351251e+03,4.748815103674720376e+03,4.802044437297310651e+03,4.826188742452791303e+03,4.782705951887748597e+03,4.706299171205442690e+03,4.345198806345517369e+03,3.909048889720112584e+03,3.266107911396823511e+03,2.485792384286706692e+03,1.683382672544256820e+03,1.304911278380431895e+03,1.312191593395488098e+03,1.663330627920313191e+03,2.651619128004633239e+03,3.571450405647531170e+03,4.992372315175727636e+03,5.111744320679598786e+03,5.240290439363941005e+03,5.332547900498542731e+03,5.788933830066579503e+03,6.412334823517005134e+03,6.990830541979080408e+03,7.765315411781103649e+03,8.708165433788048176e+03,8.712825590919199385e+03
4.454247486014512106e+03,2.838820940695874469e+03,1.974967594670858489e+03,1.451287321273387988e+03,1.400185067132993026e+03,1.417859341088216070e+03,1.737434603085827803e+03,2.502529453706124514e+03,3.217506039017046533e+03,3.852041536639995684e+03,4.279750343185895872e+03,4.549414907435907480e+03,4.728477474010252990e+03,4.876765970736510099e+03,4.882229397405367308e+03,4.892732672035159339e+03,4.798353548643332942e+03,4.668596708029334877e+03,4.493056346556692915e+03,4.215313709164058309e+03,3.666921839605753121e+03,2.170078083592586154e+03,1.141140657412571045e+03,3.784161436537528402e+02,0.000000000000000000e+00,8.127081613688603738e+02,2.714152312929006257e+03,3.430281361961740913e+03,4.001094655771622456e+03,4.313508767684243139e+03,4.516541584983907342e+03,4.754184694678085179e+03,4.806721497606847151e+03,4.831736598321128440e+03,4.790202326972588708e+03,4.715091821893720407e+03,4.358261159376888827e+03,3.924013987969156005e+03,3.283248069958910037e+03,2.508368681921470852e+03,1.702624966860817040e+03,1.298406972665610738e+03,1.308779329502626069e+03,1.680246542756283134e+03,2.670164351995344532e+03,3.580491353617997447e+03,4.997111221051147368e+03,5.113893070189626087e+03,5.247110591130683133e+03,5.335470727957296731e+03,5.795272527385324793e+03,6.415185266225753367e+03,6.993239354309812370e+03,7.764013294968342962e+03,8.706905356605620909e+03,8.711648797889900379e+03
4.400477713965949079e+03,2.596446802844226568e+03,1.669571402086975013e+03,1.497385016917454323e+03,1.646806033238617374e+03,1.573025852722493937e+03,1.473893558647372402e+03,2.210693707112462107e+03,3.036552193232043464e+03,3.729648315264510074e+03,4.215941993064974668e+03,4.490746597170681525e+03,4.673544407977041374e+03,4.824733613832448100e+03,4.831129888545770882e+03,4.842045825658618924e+03,4.745845926234415856e+03,4.613045438993887728e+03,4.436897051368722714e+03,4.136532847687759386e+03,3.533049532627569079e+03,1.833914241300411504e+03,8.238131530335676871e+02,8.369940926381195823e+02,8.127081613688603738e+02,0.000000000000000000e+00,2.459565137715755100e+03,3.266852868842825956e+03,3.905106044939373987e+03,4.248863272819092344e+03,4.453848074044141867e+03,4.699031815172169445e+03,4.752662914385786280e+03,4.779082338692256599e+03,4.736636781514946051e+03,4.661015399626531689e+03,4.303488946321450385e+03,3.812972520808967602e+03,3.117224121269167426e+03,2.232102546429654922e+03,1.417370374241600302e+03,1.584785193996684029e+03,1.428694470098098236e+03,1.304733902202111722e+03,2.417478392411762798e+03,3.427702016090535835e+03,4.949919685094753731e+03,5.058770272177495826e+03,5.194415687383279874e+03,5.285016913670010581e+03,5.749906047541645421e+03,6.370042342437323896e+03,6.950801048959973741e+03,7.725300375318074657e+03,8.674796616251704108e+03,8.679511775823877542e+03
3.642000503386366290e+03,1.622938555693206354e+03,2.428647909159878054e+03,2.871583167677541496e+03,3.022685799821832461e+03,2.965129583078037740e+03,2.629654856947332519e+03,1.836321383152262115e+03,1.540343792794318460e+03,2.661656313901810336e+03,3.378972098796379669e+03,3.780744532790080484e+03,4.029110047861386647e+03,4.228541750217587833e+03,4.248818345532459716e+03,4.259285594765588030e+03,4.126603149753483194e+03,3.949501881390988274e+03,3.710407060627635929e+03,3.234891961101646302e+03,2.327002053191084997e+03,1.882935326675997430e+03,2.488178383208625746e+03,2.707034539860934274e+03,2.714152312929006257e+03,2.459565137715755100e+03,0.000000000000000000e+00,1.915428034554036230e+03,2.930135283187089044e+03,3.483744026825787842e+03,3.759524822220057558e+03,4.085872299086726798e+03,4.149830639114462429e+03,4.179969670278034755e+03,4.123875900708491827e+03,4.009555489355650934e+03,3.497432550378110591e+03,2.769454599335012517e+03,1.587245202649338580e+03,1.689050423561517619e+03,2.508028154192498732e+03,2.992855659733711036e+03,2.884262605550658009e+03,2.308226856750045499e+03,1.677828225878785133e+03,2.171633333077510542e+03,4.294810304955893116e+03,4.441579498831943965e+03,4.623383501289915330e+03,4.750952723168020384e+03,5.271488805093129486e+03,5.942854112293142862e+03,6.552888091012529912e+03,7.362458881228340942e+03,8.341154789489315590e+03,8.346092685269522917e+03
2.906850758696327830e+03,2.542903087243221762e+03,3.172690778783508449e+03,3.523925809535580811e+03,3.642064066798733165e+03,3.611154909136084825e+03,3.373000757650534979e+03,2.806674722870480309e+03,1.850525270775246781e+03,1.555087778872946046e+03,2.571309934212094504e+03,3.091601706415488934e+03,3.426807665711304253e+03,3.697037477644904357e+03,3.766240551118414714e+03,3.782844770216643155e+03,3.586047607665629585e+03,3.335776121584496650e+03,3.002983960441138152e+03,2.325334360664905034e+03,1.192738958122116628e+03,2.803589286769547016e+03,3.254528946970148809e+03,3.424375028137721529e+03,3.430281361961740913e+03,3.266852868842825956e+03,1.915428034554036230e+03,0.000000000000000000e+00,1.893003316308648664e+03,2.717520458882420371e+03,3.090744408714506335e+03,3.558893913688465091e+03,3.646548505093532640e+03,3.679547722811094900e+03,3.592638847544907094e+03,3.416153489916201579e+03,2.697012606570475782e+03,1.623289664025909815e+03,1.659967703835770862e+03,2.641106649367532555e+03,3.240579269204817592e+03,3.605822636915016574e+03,3.542488422313063893e+03,3.123675328128013916e+03,2.599998824786058321e+03,1.704066476272431146e+03,3.712089154221494482e+03,3.892346807090369566e+03,4.122233024843573730e+03,4.309701214185894059e+03,4.893445695803486160e+03,5.608146435716871565e+03,6.235967233183140706e+03,7.068871495664820031e+03,8.070220842358839946e+03,8.075109927012257685e+03
