0.000000000000000000e+00,4.970602981749336960e+17,9.433165250817244160e+17,1.291539892954344448e+18,1.413350431285654528e+18,1.423680455345169664e+18,1.230814386166979328e+18,7.782825749191151360e+17,3.272006256671010560e+17,7.276010264143908800e+16,2.822259618005285000e+15,8.371957447285339000e+15,6.626476554196706400e+16,1.775186855843402560e+17,2.701815052739044160e+17,2.992379662699036800e+17,1.610081700840368000e+17,5.851937937841081600e+16,5.332976659068330000e+15,1.185637009357664400e+16,1.189528838234356160e+17,9.254584233688775680e+17,1.477240323498704384e+18,1.728568108005131776e+18,1.753362515771531776e+18,1.650057693322512128e+18,6.407668086102115840e+17,2.075456692667263040e+17,3.147698705573244000e+16,9.625511133771084000e+15,5.982426291464141600e+16,2.423613168074186880e+17,3.030520055592295040e+17,3.100253430354923520e+17,2.331391412749323520e+17,1.119363706778699840e+17,5.488343456943326000e+15,7.418398657141155200e+16,3.082795635203666560e+17,7.907629186700352000e+17,1.288166407031773440e+18,1.584796834000126720e+18,1.538322501131565312e+18,1.211804221354854656e+18,6.505139102062630400e+17,2.785293230178322560e+17,1.790325353115039680e+17,2.133744341563189760e+17,3.404779823624019200e+17,6.609236713671042560e+17,1.409516255817951488e+18,3.258276638887354368e+18,5.784870614877706240e+18,1.152290108226619392e+19,2.383981155647833293e+19,2.391722694492651520e+19,0.000000000000000000e+00
4.970602981749336960e+17,0.000000000000000000e+00,1.404178638052170400e+16,7.385281742753177600e+16,1.179573196378141120e+17,1.053196898957512480e+17,4.066646893084820800e+16,1.552388025863744500e+15,9.729553038603818000e+15,1.332673449874364800e+17,4.048156124047864960e+17,7.255236852200508160e+17,1.001864972393732736e+18,1.286870757858649600e+18,1.384686282562535168e+18,1.428564927817571072e+18,1.207039258765992448e+18,9.826898167480526080e+17,7.264173922607859200e+17,4.010593276226325760e+17,1.024815717986060320e+17,9.107188322661380000e+15,8.470453765620896000e+16,1.760187414738321280e+17,1.843698917991422400e+17,1.180041130647311520e+17,1.125927402349474000e+16,1.063283428406709600e+17,3.840402514226205440e+17,6.972033455689447680e+17,9.633122772862479360e+17,1.328137209714210304e+18,1.435402011403412480e+18,1.463900819638963456e+18,1.333896642079200768e+18,1.126697367715029888e+18,5.781261586056117760e+17,2.113251602498141760e+17,2.460173893405888400e+16,4.069676969923148500e+15,5.174907855104771200e+16,1.696025862338139200e+17,1.295418948342216960e+17,4.052218583456926400e+16,2.587493372349573500e+15,8.612797410611342400e+16,1.481736606660639232e+18,1.781396951849461504e+18,1.969843659354597376e+18,2.470731325157540864e+18,3.887741522474747392e+18,7.119693895689350144e+18,1.158669164066933146e+19,2.121262302081611776e+19,3.970210406633560474e+19,3.982209354663895040e+19,0.000000000000000000e+00
9.433165250817244160e+17,1.404178638052170400e+16,0.000000000000000000e+00,2.558654957896026500e+15,9.985410362368848000e+15,7.658568041446329000e+15,5.618950102294330000e+14,4.485904923651668000e+15,8.857472265960848000e+16,3.693142019294752640e+17,7.982043815211079680e+17,1.229867049904696576e+18,1.571612992391994624e+18,1.926783996404782336e+18,2.008330295019698432e+18,2.062707767610371584e+18,1.819953426913993984e+18,1.546035863533683968e+18,1.236501306866398720e+18,8.285362970190421760e+17,3.276652755205062400e+17,4.739362996284004000e+15,6.393474417139031000e+15,2.836988302953225600e+16,3.004691376215597200e+16,1.297253902008877400e+16,8.449340065536988800e+16,3.214687279608188160e+17,7.905853288831654400e+17,1.194533589086039808e+18,1.521440209106763008e+18,1.958057783007536640e+18,2.082331031456331776e+18,2.119587971100844544e+18,1.975394581888616960e+18,1.734784116040990464e+18,1.068058325294143360e+18,5.298203070279783680e+17,1.541081275222899520e+17,1.447505919746018200e+16,3.001290476777726000e+15,2.486805847707707200e+16,1.332226770604216200e+16,2.700881084623834500e+15,1.771538847624333800e+16,2.754504378929457600e+17,2.224181281134122240e+18,2.562298148852427776e+18,2.755772299847190528e+18,3.315486005603483648e+18,4.939684452489647104e+18,8.603729503894650880e+18,1.361390195381709619e+19,2.416427185147627930e+19,4.421730284751111782e+19,4.435220905380822221e+19,0.000000000000000000e+00
1.291539892954344448e+18,7.385281742753177600e+16,2.558654957896026500e+15,0.000000000000000000e+00,1.287013826388287031e+14,1.179776453205352031e+14,9.807976002060587500e+14,3.508985285687385600e+16,2.001904147907699520e+17,5.994818540842915840e+17,1.107463970550496000e+18,1.620898521865118976e+18,2.009476425794234112e+18,2.410913389367609344e+18,2.488644171003479040e+18,2.549208951971135488e+18,2.290607386923407616e+18,1.984036050749900544e+18,1.630440759896335616e+18,1.173519751764237824e+18,5.586219131073774720e+17,3.463503343317070000e+16,4.668044901760871000e+15,6.224790137269851000e+15,6.438237687740726000e+15,7.527788625845004000e+15,1.952571719631020480e+17,5.434177030136638080e+17,1.121246007505273984e+18,1.571973541059756544e+18,1.951169260831864576e+18,2.435219978763708416e+18,2.573505525222709248e+18,2.616209129347137024e+18,2.460745010366854656e+18,2.201198446796039680e+18,1.428892342000075520e+18,8.152316748299333120e+17,3.089785342560466560e+17,6.806617885909698400e+16,6.421993174422662000e+15,3.046336442365673000e+15,1.769837150015903500e+15,9.428235927845160000e+15,7.435064351827940800e+16,4.835436155749706240e+17,2.773765365407302144e+18,3.169991494023810048e+18,3.376989336313528320e+18,3.975730214822491648e+18,5.762858855892508672e+18,9.762594155430174720e+18,1.510849817806437376e+19,2.627054606945089126e+19,4.717246298960456090e+19,4.730761492612478566e+19,0.000000000000000000e+00
1.413350431285654528e+18,1.179573196378141120e+17,9.985410362368848000e+15,1.287013826388287031e+14,0.000000000000000000e+00,2.905168929437397656e+13,3.233748074405111000e+15,5.702783663519551200e+16,2.508985739118866560e+17,6.875646110132051200e+17,1.188247312367291392e+18,1.717491038482703616e+18,2.121278673154459904e+18,2.531639727033592320e+18,2.609810929570996736e+18,2.673763686175029760e+18,2.421132336648919552e+18,2.108700478205363712e+18,1.738177768117143040e+18,1.286149988508125440e+18,6.582745578689164800e+17,5.980033926565752000e+16,9.448990564293122000e+15,5.336469624258984000e+15,5.381795709430485000e+15,1.211189917900070200e+16,2.523277579584699520e+17,6.408227267059970560e+17,1.232514713932669696e+18,1.680617691544898304e+18,2.083622353335831552e+18,2.581247332336204288e+18,2.721053700326353408e+18,2.766731166732531200e+18,2.612965379159593984e+18,2.354383963433251840e+18,1.542155582971450368e+18,9.359652781532421120e+17,3.841410927696628480e+17,1.052772043805099200e+17,1.470459081443232000e+16,1.683198033519750750e+15,1.867687957529736500e+15,1.895314514366560400e+16,1.090398402418888640e+17,5.711168429276789760e+17,2.920857998175546880e+18,3.342176063423145472e+18,3.563296096075126784e+18,4.167346699853837824e+18,5.968868978543800320e+18,1.004394537567916646e+19,1.555235003372525978e+19,2.695633023468371968e+19,4.816984830570962125e+19,4.830814132549198643e+19,0.000000000000000000e+00
1.423680455345169664e+18,1.053196898957512480e+17,7.658568041446329000e+15,1.179776453205352031e+14,2.905168929437397656e+13,0.000000000000000000e+00,1.252146734120351250e+15,4.367337654288732800e+16,2.255520134873014720e+17,6.536186018999319040e+17,1.171548459120548352e+18,1.682776111376882688e+18,2.064809910693293824e+18,2.461877112083102208e+18,2.555176794180321280e+18,2.626635457091074560e+18,2.385563630678077952e+18,2.077366325604573440e+18,1.726591090970811648e+18,1.274389865818635520e+18,6.310375650115473920e+17,4.969824646797408000e+16,7.166298336889848000e+15,5.744367141076221000e+15,5.730146740333946000e+15,9.631175609524726000e+15,2.292019926376384960e+17,6.140879770919200000e+17,1.224843772868722688e+18,1.682326382328004864e+18,2.072261750720808448e+18,2.574643772237746176e+18,2.712159052695766528e+18,2.758650253434952704e+18,2.604832229452250112e+18,2.344983979673199616e+18,1.550628125059760896e+18,9.165745898791989760e+17,3.651440558857680000e+17,9.288950398570675200e+16,1.130795705635509600e+16,2.334012845663173000e+15,1.746574084850896750e+15,1.416973735616665800e+16,9.524135397744710400e+16,5.410881239872092160e+17,2.902414402632791552e+18,3.306122175883002368e+18,3.507034587779319296e+18,4.107585132166770176e+18,5.866421808882970624e+18,9.870183812299091968e+18,1.532523634787560858e+19,2.663919703919254323e+19,4.785681779848188723e+19,4.799524321179960934e+19,0.000000000000000000e+00
1.230814386166979328e+18,4.066646893084820800e+16,5.618950102294330000e+14,9.807976002060587500e+14,3.233748074405111000e+15,1.252146734120351250e+15,0.000000000000000000e+00,8.426238567589486000e+15,1.245078844535037280e+17,4.755711863954901760e+17,9.783715438035462400e+17,1.452782702237212160e+18,1.804001499817019904e+18,2.168508282833845760e+18,2.249509749664672000e+18,2.315201888957508608e+18,2.092977335106248960e+18,1.813425631046007296e+18,1.496327632522947328e+18,1.052128626096017664e+18,4.523525515728952960e+17,1.176967303847111400e+16,3.664618081084187500e+15,1.520445063524826600e+16,1.583223887317020000e+16,6.955536025048550000e+15,1.257458771539032000e+17,4.365984541734499200e+17,1.007732433157681664e+18,1.465145715297652736e+18,1.820374742513481216e+18,2.283059489421425152e+18,2.408807058548957696e+18,2.454325965718292480e+18,2.313130897043123200e+18,2.072550827759808512e+18,1.348908647977068288e+18,7.150006750085090560e+17,2.363469924826542720e+17,3.318868365454853200e+16,2.974269717146242500e+15,1.255801849590817200e+16,5.567857912366435000e+15,2.486659052721908500e+15,3.416962877263693200e+16,3.652394864278788480e+17,2.553746985730876416e+18,2.912395027813353984e+18,3.108101693790791168e+18,3.657862421220410880e+18,5.316416167112094720e+18,9.089525384280518656e+18,1.427784211322204365e+19,2.512341274144920781e+19,4.559038186157424640e+19,4.572931780835240346e+19,0.000000000000000000e+00
7.782825749191151360e+17,1.552388025863744500e+15,4.485904923651668000e+15,3.508985285687385600e+16,5.702783663519551200e+16,4.367337654288732800e+16,8.426238567589486000e+15,0.000000000000000000e+00,1.943816256290061200e+16,1.969499228145468160e+17,5.539936892108883840e+17,9.529345446346816000e+17,1.253264905798549760e+18,1.563932936764014080e+18,1.640915676677584128e+18,1.692579769344760576e+18,1.486641496402360064e+18,1.250369489973921024e+18,9.829765542589282560e+17,5.919687342371206400e+17,1.812404050789104960e+17,2.654765565327886500e+15,3.534224835395125200e+16,9.429830977621683200e+16,9.815128464773409600e+16,5.280108841817706400e+16,2.088062323206189600e+16,1.741648126107493760e+17,5.617330644206967680e+17,9.599300817359877120e+17,1.256989272982029568e+18,1.654253141546353920e+18,1.763753869496298752e+18,1.802468258923968768e+18,1.676276565939146496e+18,1.463711835942743808e+18,8.416819844887456000e+17,3.502880866982974720e+17,6.378055910208004000e+16,3.183290309334296500e+15,2.127636444280960400e+16,9.267784110247507200e+16,6.319102223392632000e+16,1.168312437481452200e+16,2.016254598019518000e+15,1.323637251878496960e+17,1.795472673141989376e+18,2.119612947840621824e+18,2.318220450792688128e+18,2.786330762762837504e+18,4.246536195334330880e+18,7.619950611827276800e+18,1.235654538121288909e+19,2.239963408487478886e+19,4.152351861882545766e+19,4.165409701162751590e+19,0.000000000000000000e+00
3.272006256671010560e+17,9.729553038603818000e+15,8.857472265960848000e+16,2.001904147907699520e+17,2.508985739118866560e+17,2.255520134873014720e+17,1.245078844535037280e+17,1.943816256290061200e+16,0.000000000000000000e+00,2.656502895846092400e+16,1.893868683982420800e+17,4.408058797773381120e+17,6.627820078172258560e+17,9.125730148312256000e+17,9.857212309736232960e+17,1.020177746481921920e+18,8.421315264252847360e+17,6.528614539895865600e+17,4.539276279671005440e+17,1.998969349975171840e+17,2.030773027539568000e+16,5.915596857556940000e+16,2.073477405156506560e+17,3.366041932613488640e+17,3.448234983290867840e+17,2.581687973067096640e+17,8.671381909857249000e+15,2.170076784955256000e+16,1.852810824415917760e+17,4.394139831944410880e+17,6.548750598711987200e+17,9.827246610628837120e+17,1.068168017479534592e+18,1.097178401604960640e+18,9.966151967116779520e+17,8.123328329567370240e+17,3.515500474004922240e+17,8.058023147301352000e+16,3.332658229628017500e+15,3.540351221864460400e+16,1.602368323213092160e+17,3.223941943392941440e+17,2.699208684468389760e+17,1.256674064507333760e+17,1.770292151915912200e+16,1.304687898185261600e+16,9.755985718793972480e+17,1.222001730236145152e+18,1.417030705282224128e+18,1.817654244144945664e+18,3.018555737577450496e+18,5.817798113233946624e+18,9.861829905904447488e+18,1.865484042800479027e+19,3.581033406989391462e+19,3.592700077175703142e+19,0.000000000000000000e+00
7.276010264143908800e+16,1.332673449874364800e+17,3.693142019294752640e+17,5.994818540842915840e+17,6.875646110132051200e+17,6.536186018999319040e+17,4.755711863954901760e+17,1.969499228145468160e+17,2.656502895846092400e+16,0.000000000000000000e+00,2.070942034005017600e+16,1.273978488372395040e+17,2.552153656345667520e+17,4.392020069083969280e+17,5.425498054960885120e+17,5.736017241691640320e+17,4.054184400563111680e+17,2.589072498681551680e+17,1.347992388139060480e+17,1.891556529449996400e+16,2.854718775985355500e+15,3.003923431787733760e+17,6.145309904034736640e+17,8.338601055047654400e+17,8.481151232006352640e+17,7.216712615510081280e+17,1.335856729638526240e+17,9.094410257481698000e+15,1.942328846785943200e+16,1.323406242414799040e+17,2.556529536095424640e+17,5.294730851840915840e+17,6.052166525311927040e+17,6.253019289133789440e+17,5.233487453398859520e+17,3.596312906838501120e+17,7.199632651650179200e+16,3.739773087862595000e+15,4.099042755229270400e+16,2.314345634865085120e+17,5.285488759386977280e+17,8.027074822659699200e+17,7.320947500025984000e+17,4.645240989865864960e+17,1.671078695303357760e+17,2.581155029123038800e+16,4.323225187992199040e+17,6.042650417933118720e+17,7.552403544935787520e+17,1.116768196058201088e+18,2.090343455072650752e+18,4.401636376687572992e+18,7.712344494237361152e+18,1.528546705679673344e+19,3.044802928167193805e+19,3.054738448958966170e+19,0.000000000000000000e+00
2.822259618005285000e+15,4.048156124047864960e+17,7.982043815211079680e+17,1.107463970550496000e+18,1.188247312367291392e+18,1.171548459120548352e+18,9.783715438035462400e+17,5.539936892108883840e+17,1.893868683982420800e+17,2.070942034005017600e+16,0.000000000000000000e+00,1.587327891907376200e+16,9.033340547252931200e+16,2.051876734639160000e+17,3.097598541921134080e+17,3.423006102148070400e+17,1.984496677668224320e+17,9.500513862252960000e+16,1.441753043949087000e+16,2.211472888839504250e+15,6.103669944585125600e+16,7.013854573310704640e+17,1.174916227090530816e+18,1.415710147403021056e+18,1.435794142181808128e+18,1.331904646623165184e+18,4.404767893139159040e+17,1.124015081873086720e+17,7.514174384318432000e+15,1.646384753252089000e+16,9.324163473988136000e+16,2.871498312450523840e+17,3.576340348750824960e+17,3.678197210020961280e+17,2.795885801091416000e+17,1.636241786378978880e+17,3.576282637759896000e+15,3.512838704843282000e+16,2.046103657425991040e+17,6.001651473208495360e+17,1.050595312689417984e+18,1.319706480544663552e+18,1.271480838803662848e+18,9.566503016673305600e+17,4.804932187192602880e+17,1.674497609562908800e+17,1.731160578781085760e+17,2.897277003693544320e+17,4.390444019071791360e+17,7.408172161721510400e+17,1.568588115072639232e+18,3.543132994771643392e+18,6.429022913156041728e+18,1.292926536528077824e+19,2.557087167147484774e+19,2.565424839891497779e+19,0.000000000000000000e+00
8.371957447285339000e+15,7.255236852200508160e+17,1.229867049904696576e+18,1.620898521865118976e+18,1.717491038482703616e+18,1.682776111376882688e+18,1.452782702237212160e+18,9.529345446346816000e+17,4.408058797773381120e+17,1.273978488372395040e+17,1.587327891907376200e+16,0.000000000000000000e+00,8.540855254405166000e+15,6.895318425538450400e+16,1.585308138794677120e+17,1.883276947316800640e+17,7.041666314273652800e+16,9.325158411190144000e+15,1.185912228744265250e+15,3.781921678486284000e+16,1.784665318086577600e+17,1.081853106627348224e+18,1.653108473221193728e+18,1.924950326996538880e+18,1.948846941493977344e+18,1.826386748434208000e+18,7.724789683108998400e+17,2.824344648982352640e+17,7.429068039762968000e+16,5.236456884693096000e+15,1.153260351295837800e+16,1.507888857762606400e+17,2.036317184190928640e+17,2.067725714892816000e+17,1.356470993881850400e+17,3.961737728689428800e+16,2.157929638404792800e+16,1.322872903518611200e+17,4.213316612265459200e+17,9.659950380960152320e+17,1.502931875312876544e+18,1.821252859643704064e+18,1.767074259542787584e+18,1.392221638227144960e+18,8.180110341538754560e+17,3.859448968532312960e+17,2.500689698581739200e+17,1.214621603278392480e+17,2.087790441309911040e+17,5.288196618143976320e+17,1.197516564151227904e+18,2.934479891242275328e+18,5.189076406288422912e+18,1.061630322963252224e+19,2.564871054504785510e+19,2.572874296332978176e+19,0.000000000000000000e+00
6.626476554196706400e+16,1.001864972393732736e+18,1.571612992391994624e+18,2.009476425794234112e+18,2.121278673154459904e+18,2.064809910693293824e+18,1.804001499817019904e+18,1.253264905798549760e+18,6.627820078172258560e+17,2.552153656345667520e+17,9.033340547252931200e+16,8.540855254405166000e+15,0.000000000000000000e+00,4.951617939250762000e+15,3.929911704174936800e+16,5.679333219267961600e+16,5.634315113919983000e+15,1.066620580972822000e+15,2.740570903311647200e+16,1.210391449699799200e+17,3.258743535859455360e+17,1.411110108230167296e+18,2.045315768207842304e+18,2.341526283531136000e+18,2.363777651204149760e+18,2.229625221858639872e+18,1.061807155205307648e+18,4.725509588173927680e+17,1.932387499127356160e+17,5.539868147805820800e+16,5.718873899437571000e+15,4.365212352895984000e+16,7.311067290450376000e+16,7.272124309188955200e+16,2.917760412440012800e+16,4.303791353112256000e+15,1.007293771362421120e+17,2.556318459598660800e+17,6.429853907804206080e+17,1.288833137661266176e+18,1.883301503802170624e+18,2.237011972703377152e+18,2.172713027916210432e+18,1.751629555237995520e+18,1.101896992295725824e+18,6.070145375572158720e+17,4.843371715088186240e+17,1.530604714340001920e+17,9.260202313264140800e+16,2.646461369369958080e+17,7.339279222785200640e+17,2.064049737054029056e+18,3.866605606356449792e+18,1.026431683347950592e+19,2.893390725766171034e+19,2.902129242409518694e+19,0.000000000000000000e+00
1.775186855843402560e+17,1.286870757858649600e+18,1.926783996404782336e+18,2.410913389367609344e+18,2.531639727033592320e+18,2.461877112083102208e+18,2.168508282833845760e+18,1.563932936764014080e+18,9.125730148312256000e+17,4.392020069083969280e+17,2.051876734639160000e+17,6.895318425538450400e+16,4.951617939250762000e+15,0.000000000000000000e+00,2.528423289350557000e+15,6.209408649956355000e+15,7.089689695098246250e+14,1.997037170128010800e+16,1.098997058938352320e+17,2.356734809524019840e+17,5.075424730819840000e+17,1.711257125564776192e+18,2.412382336432761344e+18,2.731923177591803392e+18,2.758414801153282048e+18,2.614367879225370112e+18,1.351926604615349760e+18,6.906678900923057920e+17,3.480073274402251520e+17,1.715498057175564160e+17,4.898321611314658400e+16,6.492657888333209000e+15,1.443831753798947800e+16,1.344165591133300800e+16,4.143018651174171500e+15,1.648777974624062000e+16,2.142651363200571840e+17,4.183681520427560320e+17,8.755141649253241600e+17,1.589673762035878400e+18,2.244984530617358336e+18,2.633758977426361344e+18,2.564007288581192704e+18,2.112210275024674048e+18,1.387165580044034816e+18,8.759821513017671680e+17,7.800832155838328320e+17,3.632533535973330560e+17,1.706795279303597440e+17,1.415595128978252160e+17,4.645434829235125760e+17,1.540865008425011200e+18,3.963998653913947648e+18,1.218025262854938214e+19,3.245620183881380250e+19,3.254886687601140941e+19,0.000000000000000000e+00
2.701815052739044160e+17,1.384686282562535168e+18,2.008330295019698432e+18,2.488644171003479040e+18,2.609810929570996736e+18,2.555176794180321280e+18,2.249509749664672000e+18,1.640915676677584128e+18,9.857212309736232960e+17,5.425498054960885120e+17,3.097598541921134080e+17,1.585308138794677120e+17,3.929911704174936800e+16,2.528423289350557000e+15,0.000000000000000000e+00,3.960923105865766406e+13,4.805835953065241000e+15,5.745522540443498400e+16,1.858518635968467200e+17,3.275615800880734080e+17,5.769157754224346880e+17,1.738781431751439104e+18,2.431404050232266240e+18,2.755274818767468544e+18,2.773900680086496256e+18,2.631743566121960448e+18,1.384652576219165696e+18,7.577750040464581120e+17,4.657701153547082240e+17,2.680190727336530560e+17,1.126984738777523200e+17,2.611901559163767500e+15,2.232696758157870250e+15,2.255974405757543000e+15,6.167576633144033000e+15,5.229518984827879200e+16,3.100374175039505280e+17,5.131980642418739840e+17,9.478370480121022720e+17,1.651709474448741120e+18,2.296566750695656704e+18,2.674747704117347840e+18,2.603467436807971840e+18,2.145174959632858112e+18,1.438296865524008192e+18,9.386140348580627200e+17,9.388366042365134080e+17,4.998638301868725760e+17,2.904785506763408000e+17,1.124436223681763840e+17,3.572034829707255040e+17,1.366497991371918080e+18,4.503533188357479936e+18,1.323911758590998118e+19,3.387339772897714176e+19,3.396871596760277402e+19,0.000000000000000000e+00
2.992379662699036800e+17,1.428564927817571072e+18,2.062707767610371584e+18,2.549208951971135488e+18,2.673763686175029760e+18,2.626635457091074560e+18,2.315201888957508608e+18,1.692579769344760576e+18,1.020177746481921920e+18,5.736017241691640320e+17,3.423006102148070400e+17,1.883276947316800640e+17,5.679333219267961600e+16,6.209408649956355000e+15,3.960923105865766406e+13,0.000000000000000000e+00,7.413837664769320000e+15,6.791722934516248800e+16,2.011825316120072960e+17,3.466088547138879360e+17,5.893021001820550400e+17,1.753421162128240384e+18,2.449003058348998656e+18,2.786076264108011008e+18,2.803867183362767872e+18,2.661610350060098048e+18,1.401792743218657536e+18,7.746269483337039360e+17,4.932130210149943680e+17,2.903084631349618560e+17,1.315250418439326240e+17,3.242785316436081500e+15,1.732061059181503750e+15,1.897012494014506500e+15,8.619302009540345000e+15,6.426560802186429600e+16,3.336072914588632320e+17,5.347469023005033600e+17,9.695457735080744960e+17,1.681532018912430080e+18,2.334610657684335104e+18,2.716293521451831296e+18,2.643704915183713280e+18,2.184722336873666048e+18,1.475452073555482880e+18,9.758020965017529600e+17,9.948306251496583680e+17,5.456658522839479680e+17,3.323136093284964480e+17,1.235052599646228480e+17,3.634471119422222080e+17,1.395243599235042560e+18,4.656418525127037952e+18,1.336377025503546163e+19,3.380947003200802406e+19,3.390270937986806170e+19,0.000000000000000000e+00
1.610081700840368000e+17,1.207039258765992448e+18,1.819953426913993984e+18,2.290607386923407616e+18,2.421132336648919552e+18,2.385563630678077952e+18,2.092977335106248960e+18,1.486641496402360064e+18,8.421315264252847360e+17,4.054184400563111680e+17,1.984496677668224320e+17,7.041666314273652800e+16,5.634315113919983000e+15,7.089689695098246250e+14,4.805835953065241000e+15,7.413837664769320000e+15,0.000000000000000000e+00,7.173221760969587000e+15,7.689551668414780800e+16,1.900078405710062720e+17,4.136155818207485440e+17,1.519506967960882944e+18,2.189115775905126400e+18,2.523236967566848000e+18,2.543672652539602944e+18,2.407510410436322304e+18,1.196640029680091136e+18,5.930349028594122240e+17,2.998999603735530240e+17,1.377478482403722240e+17,2.951691891294542000e+16,6.099039855585873000e+15,1.448716048017990200e+16,1.349505290283608000e+16,2.368943031573275000e+15,6.469421846703004000e+15,1.795812230950934080e+17,3.510851747734577920e+17,7.591113766560533760e+17,1.429815818205388032e+18,2.057795385645967360e+18,2.430523386926535680e+18,2.367747559724419072e+18,1.954263692202373888e+18,1.262752175269929984e+18,7.798349923611814400e+17,7.208787464485134080e+17,3.047901896167718400e+17,1.377960245586797600e+17,1.467119149476162880e+17,4.819724979014066560e+17,1.554718434184054528e+18,3.647270813088673280e+18,1.126301737782221824e+19,3.070829280058126336e+19,3.079668965650078515e+19,0.000000000000000000e+00
5.851937937841081600e+16,9.826898167480526080e+17,1.546035863533683968e+18,1.984036050749900544e+18,2.108700478205363712e+18,2.077366325604573440e+18,1.813425631046007296e+18,1.250369489973921024e+18,6.528614539895865600e+17,2.589072498681551680e+17,9.500513862252960000e+16,9.325158411190144000e+15,1.066620580972822000e+15,1.997037170128010800e+16,5.745522540443498400e+16,6.791722934516248800e+16,7.173221760969587000e+15,0.000000000000000000e+00,1.102984481166426200e+16,9.324926734014008000e+16,2.617454441863904320e+17,1.257500777515470336e+18,1.878275257598558208e+18,2.199222060751683840e+18,2.217848096115662592e+18,2.089001069782104832e+18,9.609739725803183360e+17,4.130327394266981120e+17,1.712115698607701120e+17,3.508948882721031600e+16,1.978474648165175250e+15,5.086063595946688800e+16,7.798682632106092800e+16,7.753920148370833600e+16,3.548959432720108000e+16,2.650058372331220000e+15,7.696115684109540800e+16,2.159167556984518400e+17,5.626904354296022400e+17,1.172899302321681920e+18,1.754531761797919744e+18,2.105520528524977664e+18,2.054602877671251200e+18,1.679315471752923648e+18,1.048726322872160640e+18,5.834951936374981120e+17,4.723115945512850560e+17,1.368025099709975680e+17,1.109809613383860960e+17,3.327520065552344320e+17,8.478718756535321600e+17,2.291495381048845056e+18,4.037750434266106880e+18,9.745745693360275456e+18,2.774086349702665011e+19,2.782401522706581094e+19,0.000000000000000000e+00
5.332976659068330000e+15,7.264173922607859200e+17,1.236501306866398720e+18,1.630440759896335616e+18,1.738177768117143040e+18,1.726591090970811648e+18,1.496327632522947328e+18,9.829765542589282560e+17,4.539276279671005440e+17,1.347992388139060480e+17,1.441753043949087000e+16,1.185912228744265250e+15,2.740570903311647200e+16,1.098997058938352320e+17,1.858518635968467200e+17,2.011825316120072960e+17,7.689551668414780800e+16,1.102984481166426200e+16,0.000000000000000000e+00,1.815287249877536400e+16,1.336652239916006720e+17,9.559004821417597440e+17,1.512822368195434496e+18,1.808345304600477440e+18,1.831088458110100224e+18,1.719478539460489216e+18,7.032468388009283840e+17,2.442109104564591680e+17,5.314824998718323200e+16,1.964349070602115500e+15,1.528898166508714800e+16,1.514719017455943040e+17,1.983813436828543680e+17,2.010499927460966080e+17,1.371792431058542240e+17,4.301561187657222400e+16,8.809346433993438000e+15,1.012610263257580160e+17,3.626615117774417920e+17,8.743644857692136960e+17,1.399183038042864640e+18,1.718148947587881472e+18,1.681146806069265408e+18,1.353278557814843648e+18,7.898490418776240640e+17,3.836030744147370880e+17,2.361653238539096960e+17,1.637161832555019840e+17,2.823088961370311360e+17,6.202880231656021760e+17,1.347811269021702912e+18,3.195825687244067840e+18,5.511009365023270912e+18,1.094106889280555418e+19,2.471439432086040576e+19,2.479161970616769331e+19,0.000000000000000000e+00
1.185637009357664400e+16,4.010593276226325760e+17,8.285362970190421760e+17,1.173519751764237824e+18,1.286149988508125440e+18,1.274389865818635520e+18,1.052128626096017664e+18,5.919687342371206400e+17,1.998969349975171840e+17,1.891556529449996400e+16,2.211472888839504250e+15,3.781921678486284000e+16,1.210391449699799200e+17,2.356734809524019840e+17,3.275615800880734080e+17,3.466088547138879360e+17,1.900078405710062720e+17,9.324926734014008000e+16,1.815287249877536400e+16,0.000000000000000000e+00,2.328728767902614400e+16,5.696897120376284160e+17,1.026997347957832960e+18,1.309474430037622016e+18,1.330912501959129856e+18,1.211106644407244032e+18,3.542410638086399360e+17,6.798718276710706400e+16,2.142887763558182500e+15,2.497708197208001600e+16,9.667368495817560000e+16,2.754773159150889920e+17,3.415423889465791360e+17,3.490576939532040320e+17,2.598181869378416960e+17,1.484528095098430720e+17,3.153233186672758000e+15,1.057208727026209200e+16,1.405647888430670080e+17,4.975045942527362560e+17,9.435090255428648960e+17,1.265984007218606336e+18,1.221029584465398016e+18,9.206799390609632000e+17,4.480938100305859840e+17,1.512866862148058240e+17,2.566468052236664320e+17,4.116334657436781440e+17,5.611927617149583360e+17,8.835832309555438080e+17,1.795550263518380800e+18,3.945512531319299584e+18,6.862086587522834432e+18,1.366205475480963686e+19,2.688524453914718618e+19,2.696850963045755290e+19,0.000000000000000000e+00
1.189528838234356160e+17,1.024815717986060320e+17,3.276652755205062400e+17,5.586219131073774720e+17,6.582745578689164800e+17,6.310375650115473920e+17,4.523525515728952960e+17,1.812404050789104960e+17,2.030773027539568000e+16,2.854718775985355500e+15,6.103669944585125600e+16,1.784665318086577600e+17,3.258743535859455360e+17,5.075424730819840000e+17,5.769157754224346880e+17,5.893021001820550400e+17,4.136155818207485440e+17,2.617454441863904320e+17,1.336652239916006720e+17,2.328728767902614400e+16,0.000000000000000000e+00,1.724670936004515200e+17,4.356718282379344000e+17,6.497036205259946240e+17,6.629919654546255360e+17,5.504889819546122240e+17,6.823132929991265600e+16,2.413943070591794000e+15,3.058651827470647200e+16,1.408592451861615840e+17,2.597646870182068800e+17,5.058471249260277760e+17,5.738816589702497280e+17,5.888072079676692480e+17,5.010185561790588800e+17,3.495362522568596480e+17,8.207982494307803200e+16,2.952973808263209500e+15,1.018899526557283400e+16,1.346358043704238240e+17,3.792151329151314560e+17,6.420506024420880640e+17,5.852010071044384000e+17,3.687523810277836800e+17,1.169322756216058880e+17,1.744122047201638000e+16,5.781712859919948800e+17,7.683153535080235520e+17,9.525461236362444800e+17,1.318811566712944128e+18,2.390381464439131136e+18,4.912272150168251392e+18,8.338925104077373440e+18,1.597073349260117197e+19,3.134936775465975808e+19,3.144838564640548864e+19,0.000000000000000000e+00
9.254584233688775680e+17,9.107188322661380000e+15,4.739362996284004000e+15,3.463503343317070000e+16,5.980033926565752000e+16,4.969824646797408000e+16,1.176967303847111400e+16,2.654765565327886500e+15,5.915596857556940000e+16,3.003923431787733760e+17,7.013854573310704640e+17,1.081853106627348224e+18,1.411110108230167296e+18,1.711257125564776192e+18,1.738781431751439104e+18,1.753421162128240384e+18,1.519506967960882944e+18,1.257500777515470336e+18,9.559004821417597440e+17,5.696897120376284160e+17,1.724670936004515200e+17,0.000000000000000000e+00,8.702060172584150000e+15,4.583993416155236800e+16,4.812567173483073600e+16,2.074412473663999200e+16,2.366884238577474000e+16,1.732096000235699520e+17,5.407481608208900480e+17,9.052939958348446720e+17,1.198836025546795008e+18,1.575920631939936000e+18,1.679271146741795328e+18,1.710531481403638784e+18,1.599758097331374336e+18,1.394054310901756672e+18,7.980278267595072000e+17,3.387426012451149440e+17,6.701439467675518400e+16,1.452548813059340000e+15,5.881764390890975000e+15,5.403697972983165600e+16,3.558632879997386400e+16,5.387411171887676000e+15,5.444599950856779000e+15,1.910031200862496640e+17,2.058452547808564480e+18,2.437250638586127872e+18,2.734365088202240512e+18,3.178212759743631872e+18,4.880086598308198400e+18,8.651459505618644992e+18,1.369302002784310477e+19,2.406471190715149926e+19,4.384344575992181555e+19,4.397329527580602368e+19,0.000000000000000000e+00
1.477240323498704384e+18,8.470453765620896000e+16,6.393474417139031000e+15,4.668044901760871000e+15,9.448990564293122000e+15,7.166298336889848000e+15,3.664618081084187500e+15,3.534224835395125200e+16,2.073477405156506560e+17,6.145309904034736640e+17,1.174916227090530816e+18,1.653108473221193728e+18,2.045315768207842304e+18,2.412382336432761344e+18,2.431404050232266240e+18,2.449003058348998656e+18,2.189115775905126400e+18,1.878275257598558208e+18,1.512822368195434496e+18,1.026997347957832960e+18,4.356718282379344000e+17,8.702060172584150000e+15,0.000000000000000000e+00,1.727268184174646250e+15,1.935066502686432500e+15,3.794404338322853125e+14,9.536907349436849600e+16,3.651242629846663040e+17,8.814931864457285120e+17,1.341884187516670208e+18,1.704883692527800064e+18,2.204169191140361472e+18,2.330691457889449472e+18,2.382099885635120128e+18,2.261547106580759552e+18,2.049898578065932032e+18,1.322170325248898048e+18,6.934347579749980160e+17,2.384096616815022400e+17,3.646862964721380800e+16,2.504325178674056500e+15,8.084609379603857000e+15,4.258239016152480000e+15,2.446042111769328500e+15,5.925776384935567200e+16,4.186839465116956160e+17,2.783854790349565440e+18,3.174863521424857088e+18,3.561436135577046528e+18,3.973228078333274624e+18,5.982328798344007680e+18,1.012535147743308390e+19,1.562804620155806720e+19,2.667917655465885286e+19,4.768861687291706573e+19,4.782361301086371840e+19,0.000000000000000000e+00
1.728568108005131776e+18,1.760187414738321280e+17,2.836988302953225600e+16,6.224790137269851000e+15,5.336469624258984000e+15,5.744367141076221000e+15,1.520445063524826600e+16,9.429830977621683200e+16,3.366041932613488640e+17,8.338601055047654400e+17,1.415710147403021056e+18,1.924950326996538880e+18,2.341526283531136000e+18,2.731923177591803392e+18,2.755274818767468544e+18,2.786076264108011008e+18,2.523236967566848000e+18,2.199222060751683840e+18,1.808345304600477440e+18,1.309474430037622016e+18,6.497036205259946240e+17,4.583993416155236800e+16,1.727268184174646250e+15,0.000000000000000000e+00,7.759759799734838867e+12,4.107825288173905625e+14,1.453680569424116480e+17,4.708760555263423360e+17,1.016418382489293312e+18,1.481197001341353728e+18,1.870695817045871872e+18,2.415050979412701184e+18,2.553470666239463936e+18,2.618312694859871232e+18,2.502467252666195968e+18,2.308860294781441536e+18,1.548988729420915200e+18,9.127577108939296000e+17,3.716658411983560320e+17,9.491268637494785600e+16,1.351805667273293000e+16,3.783597447522933000e+15,3.890328327631931000e+15,1.273189131433232200e+16,1.310858203122017440e+17,5.810628618053400320e+17,3.101236101030792704e+18,3.490162241108231680e+18,3.951634701569920000e+18,4.311951092544696832e+18,6.501191025047441408e+18,1.084128985519319859e+19,1.669720866977071923e+19,2.823550132109878886e+19,5.007642940968238285e+19,5.021056439693593805e+19,0.000000000000000000e+00
1.753362515771531776e+18,1.843698917991422400e+17,3.004691376215597200e+16,6.438237687740726000e+15,5.381795709430485000e+15,5.730146740333946000e+15,1.583223887317020000e+16,9.815128464773409600e+16,3.448234983290867840e+17,8.481151232006352640e+17,1.435794142181808128e+18,1.948846941493977344e+18,2.363777651204149760e+18,2.758414801153282048e+18,2.773900680086496256e+18,2.803867183362767872e+18,2.543672652539602944e+18,2.217848096115662592e+18,1.831088458110100224e+18,1.330912501959129856e+18,6.629919654546255360e+17,4.812567173483073600e+16,1.935066502686432500e+15,7.759759799734838867e+12,0.000000000000000000e+00,3.545464205925100625e+14,1.472892595269999680e+17,4.749509035286680320e+17,1.025401926491181952e+18,1.493321870544066048e+18,1.879446926599395072e+18,2.428735651218538496e+18,2.565929966574024192e+18,2.633396497914546176e+18,2.522140563517382144e+18,2.330508939278699008e+18,1.572411655035308288e+18,9.303636508095641600e+17,3.815210355235084800e+17,9.930173782364131200e+16,1.430852897957371400e+16,3.690236458933618500e+15,3.840008063024808000e+15,1.339260476553435200e+16,1.357344125930723360e+17,5.884548498600427520e+17,3.115982991064598528e+18,3.497503954116112384e+18,3.977416661535766528e+18,4.323781190130630144e+18,6.536862037580999680e+18,1.086540740560952115e+19,1.672599506986270106e+19,2.821183609244156723e+19,5.004020943434511155e+19,5.017666524304348774e+19,0.000000000000000000e+00
1.650057693322512128e+18,1.180041130647311520e+17,1.297253902008877400e+16,7.527788625845004000e+15,1.211189917900070200e+16,9.631175609524726000e+15,6.955536025048550000e+15,5.280108841817706400e+16,2.581687973067096640e+17,7.216712615510081280e+17,1.331904646623165184e+18,1.826386748434208000e+18,2.229625221858639872e+18,2.614367879225370112e+18,2.631743566121960448e+18,2.661610350060098048e+18,2.407510410436322304e+18,2.089001069782104832e+18,1.719478539460489216e+18,1.211106644407244032e+18,5.504889819546122240e+17,2.074412473663999200e+16,3.794404338322853125e+14,4.107825288173905625e+14,3.545464205925100625e+14,0.000000000000000000e+00,9.001018271056422400e+16,3.720898957237305600e+17,9.081637425853104640e+17,1.384725784807684352e+18,1.752576537448060416e+18,2.291088826463083776e+18,2.424851034910583808e+18,2.493001645569683968e+18,2.384242446802467840e+18,2.199898730256162048e+18,1.476058122627767808e+18,8.059690729089096960e+17,2.943338023401017600e+17,5.540777550733935200e+16,5.720272982553679000e+15,9.996593343091142000e+15,5.952464565549462000e+15,3.781026630482788000e+15,8.256823575827956800e+16,4.731679277684455680e+17,2.971602819456236032e+18,3.313025577934286848e+18,3.781668946166374400e+18,4.123176325755500544e+18,6.284977716978100224e+18,1.048845684823000474e+19,1.622461088565172224e+19,2.751546606201627853e+19,4.912431493486308557e+19,4.925796701538205696e+19,0.000000000000000000e+00
6.407668086102115840e+17,1.125927402349474000e+16,8.449340065536988800e+16,1.952571719631020480e+17,2.523277579584699520e+17,2.292019926376384960e+17,1.257458771539032000e+17,2.088062323206189600e+16,8.671381909857249000e+15,1.335856729638526240e+17,4.404767893139159040e+17,7.724789683108998400e+17,1.061807155205307648e+18,1.351926604615349760e+18,1.384652576219165696e+18,1.401792743218657536e+18,1.196640029680091136e+18,9.609739725803183360e+17,7.032468388009283840e+17,3.542410638086399360e+17,6.823132929991265600e+16,2.366884238577474000e+16,9.536907349436849600e+16,1.453680569424116480e+17,1.472892595269999680e+17,9.001018271056422400e+16,0.000000000000000000e+00,2.578274763607476000e+16,2.159923452711060160e+17,5.131344651639814400e+17,7.510429659149501440e+17,1.138738344437906688e+18,1.230699046960240896e+18,1.276044008818912768e+18,1.192690989264635648e+18,1.036289602861089024e+18,5.232951846163374080e+17,1.629188177832964160e+17,1.007442146316984400e+16,1.374716274992705200e+16,9.923435176605515200e+16,2.401202906433611200e+17,1.996061862168875840e+17,6.552280018570137600e+16,1.329650438099911800e+16,4.829837240127836000e+16,1.461234550436540672e+18,1.728570907034419968e+18,2.112513993135685632e+18,2.420491399458321920e+18,4.070675120004743680e+18,7.412681593645810688e+18,1.208269342109924966e+19,2.163288350147630285e+19,4.037670762566664192e+19,4.049636262364744909e+19,0.000000000000000000e+00
2.075456692667263040e+17,1.063283428406709600e+17,3.214687279608188160e+17,5.434177030136638080e+17,6.408227267059970560e+17,6.140879770919200000e+17,4.365984541734499200e+17,1.741648126107493760e+17,2.170076784955256000e+16,9.094410257481698000e+15,1.124015081873086720e+17,2.824344648982352640e+17,4.725509588173927680e+17,6.906678900923057920e+17,7.577750040464581120e+17,7.746269483337039360e+17,5.930349028594122240e+17,4.130327394266981120e+17,2.442109104564591680e+17,6.798718276710706400e+16,2.413943070591794000e+15,1.732096000235699520e+17,3.651242629846663040e+17,4.708760555263423360e+17,4.749509035286680320e+17,3.720898957237305600e+17,2.578274763607476000e+16,0.000000000000000000e+00,2.430842797660536400e+16,1.482054286506631360e+17,2.820430882063792320e+17,5.709199407178412800e+17,6.447776481926013440e+17,6.744848511977473280e+17,5.985050349215335680e+17,4.652505314499546880e+17,1.426970129948682240e+17,1.127145851370915600e+16,1.260370392792766600e+16,1.285078604723386080e+17,3.573660130017795200e+17,6.095675004974046720e+17,5.578818054540512000e+17,2.973921063879137280e+17,1.188134914779596480e+17,1.436920245300143200e+16,7.048423511220282880e+17,8.934240607038691840e+17,1.190317151281061376e+18,1.486742686252619776e+18,2.805910833468467712e+18,5.547492520932767744e+18,9.430161329609496576e+18,1.765023262658463539e+19,3.423159197955251814e+19,3.433540825543082803e+19,0.000000000000000000e+00
