0.000000000000000000e+00,2.470689400217540001e+35,8.898460664922595904e+35,1.668075295092519449e+36,1.997559441615345698e+36,2.026866038931829507e+36,1.514904053195598288e+36,6.057237664227280534e+35,1.070602494369424065e+35,5.294032536392750124e+33,7.965149351423335990e+30,7.008967149915644647e+31,4.391019152331865654e+33,3.151288373159185593e+34,7.299804579207284146e+34,8.954336045734802444e+34,2.592363083381011921e+34,3.424517762834373216e+33,2.844064004616760484e+31,1.405735117958586397e+32,1.414978856991177233e+34,8.564732933844086954e+35,2.182238973370556670e+36,2.987947704012441308e+36,3.074280111712674649e+36,2.722690391292809311e+36,4.105821030165154922e+35,4.307520483137333824e+34,9.908007141067475226e+32,9.265046458635110786e+31,3.578942433280139730e+33,5.873900788462595998e+34,9.184051807347124670e+34,9.611571332427470456e+34,5.435385919441286671e+34,1.252975108053351169e+34,3.012191390137262053e+31,5.503263863627369668e+33,9.503628928430776116e+34,6.253059935435527679e+35,1.659372692205148322e+36,2.511581005056825256e+36,2.366436117487674884e+36,1.468469470893445324e+36,4.231683473718421319e+35,7.757858378077194406e+34,3.205264870006490997e+34,4.552864915152930441e+34,1.159252564735720655e+35,4.368200993733720586e+35,1.986736075415056544e+36,1.061636665551907435e+37,3.346472803087556914e+37,1.327772493516914360e+38,5.683366150483979770e+38,5.720337447351189195e+38
2.470689400217540001e+35,0.000000000000000000e+00,1.971717647562048233e+32,5.454238641984341049e+33,1.391392925613744357e+34,1.109223707973720718e+34,1.653761695303642469e+33,2.409908582845134063e+30,9.466420233100479708e+31,1.776018524000041278e+34,1.638756800466623034e+35,5.263846178152833419e+35,1.003733422909494866e+36,1.656036347431694880e+36,1.917356101116853243e+36,2.040797752990421681e+36,1.456943772202356203e+36,9.656792759403211652e+35,5.276822277789604158e+35,1.608485842731181313e+35,1.050247255831284251e+34,8.294087914441978546e+31,7.174858699552121482e+33,3.098259735003175368e+34,3.399225700202741662e+34,1.392497070019385184e+34,1.267712515361434289e+32,1.130571649124326511e+34,1.474869147127495784e+35,4.860925050725294557e+35,9.279705435704170739e+35,1.763948447827448631e+36,2.060378934340962464e+36,2.143005609739629109e+36,1.779280251750167669e+36,1.269446958415977157e+36,3.342298552640809165e+35,4.465832335460963824e+34,6.052455585795887264e+32,1.656227063952285742e+31,2.677967130882506624e+33,2.876503725719828835e+34,1.678110251724055098e+34,1.642047544811365574e+33,6.695121951952968121e+30,7.418027923623342733e+33,2.195543371518185852e+36,3.173375100058552547e+36,3.880284042299510402e+36,6.104513281114739452e+36,1.511453414557426754e+37,5.069004116831618988e+37,1.342514231759565612e+38,4.499753754232579733e+38,1.576257067294142490e+39,1.585799134437263251e+39
8.898460664922595904e+35,1.971717647562048233e+32,0.000000000000000000e+00,6.546715193565916291e+30,9.970842010490314695e+31,5.865366444546305685e+31,3.157260025207345999e+29,2.012334298404227700e+31,7.845481494226558511e+33,1.363929797468052513e+35,6.371302346794945602e+35,1.512572960441281316e+36,2.469967397855319733e+36,3.712496568801584484e+36,4.033390573893909477e+36,4.254763334560162913e+36,3.312230476135989864e+36,2.390226891332343878e+36,1.528935481882311821e+36,6.864723954780264434e+35,1.073645327819292390e+35,2.246156161054608777e+31,4.087651512261127384e+31,8.048502631093421406e+32,9.028170266304381299e+32,1.682867686277257982e+32,7.139134754308860969e+33,1.033421430567469397e+35,6.250251622453027814e+35,1.426910495454775890e+36,2.314780309886830863e+36,3.833990281596389864e+36,4.336102524565990888e+36,4.492653167235394772e+36,3.902183754154903432e+36,3.009475929268121197e+36,1.140748586230130134e+36,2.807095577392212281e+35,2.374931496842637969e+34,2.095273387699765933e+32,9.007744525996671138e+30,6.184203324193248621e+32,1.774828168314539082e+32,7.294758633278821445e+30,3.138349888642152355e+32,7.587294373541556546e+34,4.946982371347424937e+36,6.565371803612577451e+36,7.594280968605073369e+36,1.099244745335254224e+37,2.440048249016794978e+37,7.402416137618730746e+37,1.853383264081449724e+38,5.839120341120488242e+38,1.955169871108514874e+39,1.967118447952708493e+39
1.668075295092519449e+36,5.454238641984341049e+33,6.546715193565916291e+30,0.000000000000000000e+00,1.656404589314620008e+28,1.391872479537800250e+28,9.619639325699637701e+29,1.231297773517058302e+33,4.007620217410052020e+34,3.593784933763399138e+35,1.226476446067469792e+36,2.627312018184527199e+36,4.037995505822769812e+36,5.812503371032014203e+36,6.193349809869594179e+36,6.498466280809775657e+36,5.246882201028081234e+36,3.936399050675261852e+36,2.658337071531340010e+36,1.377148607780798215e+36,3.120584418037463615e+35,1.199585540916852084e+33,2.179064320485565960e+31,3.874801225305201085e+31,4.145090452384505397e+31,5.666760159540141030e+31,3.812536320302840356e+34,2.953027999486465346e+35,1.257192609346516799e+36,2.471100813791950380e+36,3.807061484415165227e+36,5.930296344969916062e+36,6.622930688351813876e+36,6.844550208479304361e+36,6.055266006045371458e+36,4.845274602177297627e+36,2.041733325026460893e+36,6.646026836460179774e+35,9.546773463101499075e+34,4.633004704478581600e+33,4.124199633233126523e+31,9.280165720085145211e+30,3.132323537576416001e+30,8.889163271111026285e+31,5.528018191582263918e+33,2.338144281633149674e+35,7.693774302333104625e+36,1.004884607218330793e+37,1.140405697757528485e+37,1.580643074105249569e+37,3.321054219293871677e+37,9.530824464363939443e+37,2.282667171965744851e+38,6.901415907871417515e+38,2.225241264505611681e+39,2.238010429998504420e+39
1.997559441615345698e+36,1.391392925613744357e+34,9.970842010490314695e+31,1.656404589314620008e+28,0.000000000000000000e+00,8.440006508568435454e+26,1.045712660871876217e+31,3.252174151290547456e+33,6.295009439101844933e+34,4.727450943177400686e+35,1.411931675348091030e+36,2.949775467268395521e+36,4.499823209179946376e+36,6.409199707494720794e+36,6.811113088108231087e+36,7.149012249508282422e+36,5.861881791567057512e+36,4.446617706783529177e+36,3.021261953576692526e+36,1.654181792939451043e+36,4.333253935375175028e+35,3.576080576287740686e+33,8.928342268410043742e+31,2.847790805063882329e+31,2.896372505804437618e+31,1.466981017222778855e+32,6.366929743634819409e+34,4.106537670629090155e+35,1.519092520060530487e+36,2.824475825133703258e+36,4.341482111320748456e+36,6.662837790692771117e+36,7.404133240059739266e+36,7.654801348969152225e+36,6.827588072686641359e+36,5.543123847271667847e+36,2.378243842090013807e+36,8.760310019084759630e+35,1.475643791542707402e+35,1.108328976217565738e+34,2.162249910198873453e+32,2.833155620044756191e+30,3.488258306701598480e+30,3.592217108368550984e+32,1.188968675997664563e+34,3.261744482756791407e+35,8.531411445506062678e+36,1.117014083891863228e+37,1.269707906830423975e+37,1.736677851678267284e+37,3.562739688302251234e+37,1.008808387096269309e+38,2.418755915715140973e+38,7.266437397213237357e+38,2.320334285795075762e+39,2.333676518323706251e+39
2.026866038931829507e+36,1.109223707973720718e+34,5.865366444546305685e+31,1.391872479537800250e+28,8.440006508568435454e+26,0.000000000000000000e+00,1.567871443768261488e+30,1.907363818656821365e+33,5.087371078817582173e+34,4.272172767496215990e+35,1.372525792067731075e+36,2.831735441020702961e+36,4.263439967297248203e+36,6.060838914998635359e+36,6.528928449517623405e+36,6.899213824448039546e+36,5.690913836013973470e+36,4.315450850755846556e+36,2.981116795419777795e+36,1.624069530101240050e+36,3.982084084557029388e+35,2.469915701991497993e+33,5.135583185331020106e+31,3.299775385147619976e+31,3.283458166575974065e+31,9.275954362150398407e+31,5.253355342906409237e+34,3.771040436088464825e+35,1.500242267935287448e+36,2.830222056676832633e+36,4.294268763500469241e+36,6.628790553922610657e+36,7.355806727119597929e+36,7.610151220776728493e+36,6.785150943593179752e+36,5.498949864923956948e+36,2.404447582226349531e+36,8.401089788122219015e+35,1.333301815487088746e+35,8.628459950710631334e+33,1.278698927883709969e+32,5.447615963720703292e+30,3.050521033872747422e+30,2.007814567427448335e+32,9.070915507457378116e+33,2.927763579199975077e+35,8.424009364610265346e+36,1.093044384186535831e+37,1.229929159988045893e+37,1.687225561799750119e+37,3.441490483973775111e+37,9.742052848857103852e+37,2.348628691182476858e+38,7.096468188929247652e+38,2.290275009797092580e+39,2.303543370959796221e+39
1.514904053195598288e+36,1.653761695303642469e+33,3.157260025207345999e+29,9.619639325699637701e+29,1.045712660871876217e+31,1.567871443768261488e+30,0.000000000000000000e+00,7.100149639793252040e+31,1.550221329108703511e+34,2.261679533296140416e+35,9.572108777245343081e+35,2.110577579919655895e+36,3.254421411342056724e+36,4.702428172718994508e+36,5.060294113836416083e+36,5.360159786632416022e+36,4.380554125268455585e+36,3.288512519334609367e+36,2.238996383851728391e+36,1.106974645850693777e+36,2.046228309145088747e+35,1.385252034325138830e+32,1.342942568020915201e+31,2.311753191197014099e+32,2.506597877371216130e+32,4.837948139574818508e+31,1.581202562120451457e+34,1.906182101866460140e+35,1.015524656837901295e+36,2.146651967055070382e+36,3.313764203181022355e+36,5.212360632237219131e+36,5.802351445315282476e+36,6.023715945999029708e+36,5.350574546855525182e+36,4.295466933647867658e+36,1.819554540587322235e+36,5.112259652626235166e+35,5.585990085559583296e+34,1.101488722721696898e+33,8.846280350333190109e+30,1.577038285435717285e+32,3.100104173230151008e+31,6.183473244483820720e+30,1.167563530459817615e+33,1.333998824461006942e+35,6.521623667129537159e+36,8.482044798031947312e+36,9.660296138945184875e+36,1.337995749257644670e+37,2.826428086193084977e+37,8.261947171147991759e+37,2.038567754100968931e+38,6.311858677772124628e+38,2.078482918284157843e+39,2.091170507217296320e+39
6.057237664227280534e+35,2.409908582845134063e+30,2.012334298404227700e+31,1.231297773517058302e+33,3.252174151290547456e+33,1.907363818656821365e+33,7.100149639793252040e+31,0.000000000000000000e+00,3.778421638217508810e+32,3.878927209665595598e+34,3.069090076854904105e+35,9.080842463581080079e+35,1.570672924106247419e+36,2.445886230695313558e+36,2.692604257966253967e+36,2.864826275595163132e+36,2.210102938825448160e+36,1.563423861457642960e+36,9.662429062227557913e+35,3.504269823142986899e+35,3.284808443316756181e+34,7.047780206850691612e+30,1.249074518712370079e+33,8.892171226651350908e+33,9.633674678000522377e+33,2.787954938144152247e+33,4.360004265593229867e+32,3.033338195173744640e+34,3.155440356634666579e+35,9.214657618216600721e+35,1.580022032391890963e+36,2.736553456315981447e+36,3.110827712163166846e+36,3.248891824428402910e+36,2.809903125516737642e+36,2.142452338678878029e+36,7.084285630129129749e+35,1.227017436827539941e+35,4.067959719373925050e+33,1.013333719350164141e+31,4.526836839032527164e+32,8.589182231415618481e+33,3.993105290968570897e+33,1.364953951573852165e+32,4.065282604034848287e+30,1.752015574560459532e+34,3.223722119999641374e+36,4.492759048653610815e+36,5.374146058473454912e+36,7.763639119518536201e+36,1.803306965828457234e+37,5.806364732668688836e+37,1.526842137579735782e+38,5.017436071362843724e+38,1.724202598487944548e+39,1.735063797854076096e+39
1.070602494369424065e+35,9.466420233100479708e+31,7.845481494226558511e+33,4.007620217410052020e+34,6.295009439101844933e+34,5.087371078817582173e+34,1.550221329108703511e+34,3.778421638217508810e+32,0.000000000000000000e+00,7.057007635638675712e+32,3.586738592169306694e+34,1.943098236462730486e+35,4.392799898862333004e+35,8.327895073981524191e+35,9.716463451921552055e+35,1.040762634416932496e+36,7.091855077993800693e+35,4.262280781053970976e+35,2.060502914318384430e+35,3.995878462140161428e+34,4.124039089382223072e+32,3.499428618113754009e+33,4.299308549694558845e+34,1.133023829211235068e+35,1.189032449999097284e+35,6.665112790279293212e+34,7.519286422659954594e+31,4.709233252601739623e+32,3.432907951072793062e+34,1.930846486268045836e+35,4.288613440413061226e+35,9.657477594611595933e+35,1.140982913566159408e+36,1.203800444948416232e+36,9.932418503166564378e+35,6.598846314995180488e+35,1.235874358272883186e+35,6.493173704244440377e+33,1.110661087550735173e+31,1.253408677415717806e+33,2.567584243236736446e+34,1.039380165436825486e+35,7.285727522309576210e+34,1.579229704405382547e+34,3.133934303135071060e+32,1.702210511671075527e+32,9.517925734531195583e+35,1.493288228700132602e+36,2.007976019712637302e+36,3.303866951258133899e+36,9.111678740861745968e+36,3.384677488634846889e+37,9.725568909299132291e+37,3.480030713943220215e+38,1.282380026197404825e+39,1.290749384453830283e+39
5.294032536392750124e+33,1.776018524000041278e+34,1.363929797468052513e+35,3.593784933763399138e+35,4.727450943177400686e+35,4.272172767496215990e+35,2.261679533296140416e+35,3.878927209665595598e+34,7.057007635638675712e+32,0.000000000000000000e+00,4.288800908208840084e+32,1.623021188835612770e+34,6.513488285598560447e+34,1.928984028723635596e+35,2.943602914438434950e+35,3.290189379698377202e+35,1.643641115376928013e+35,6.703296403429134501e+34,1.817083478480847310e+34,3.577986104104915938e+32,8.149419289963326531e+30,9.023555984043398097e+34,3.776483381662741562e+35,6.953226755524184266e+35,7.192992622016287741e+35,5.208094097486236011e+35,1.784513202120538574e+34,8.270829793138833932e+31,3.772641349056812018e+32,1.751404082462457982e+34,6.535843268928288139e+34,2.803417479343603071e+35,3.662871965010624070e+35,3.910025023027923536e+35,2.738939092488328022e+35,1.293346652389318646e+35,5.183471031870738777e+33,1.398590274870132663e+31,1.680215150919756776e+33,5.356195717619074489e+34,2.793639142560608529e+35,6.443393020857723312e+35,5.359627229813669489e+35,2.157826385393000045e+35,2.792504005896771920e+34,6.662361284367154386e+32,1.869027602609018580e+35,3.651362407334729598e+35,5.703879930555864818e+35,1.247171203727088688e+36,4.369535760165067197e+36,1.937440279257930778e+37,5.948025759779333628e+37,2.336455031444182222e+38,9.270824871375518020e+38,9.331426991548230192e+38
7.965149351423335990e+30,1.638756800466623034e+35,6.371302346794945602e+35,1.226476446067469792e+36,1.411931675348091030e+36,1.372525792067731075e+36,9.572108777245343081e+35,3.069090076854904105e+35,3.586738592169306694e+34,4.288800908208840084e+32,0.000000000000000000e+00,2.519609836427115055e+32,8.160124144264387063e+33,4.210198134153462236e+34,9.595116726911936388e+34,1.171697077534292445e+35,3.938227063676220710e+34,9.025976364686064015e+33,2.078651839736457859e+32,4.890612338072142913e+30,3.725478679243179087e+33,4.919415597555148520e+35,1.380428140680648052e+36,2.004235221459883843e+36,2.061504818723594320e+36,1.773969987696378628e+36,1.940198019242958737e+35,1.263409904278162053e+34,5.646281667794727779e+31,2.710582755740942247e+32,8.694002448965451816e+33,8.245502558406206502e+34,1.279021029010317477e+35,1.352913471580598264e+35,7.816977412744588936e+34,2.677287183492671698e+34,1.278979750514287834e+31,1.234003576624502676e+33,4.186540176932017971e+34,3.601982040586570738e+35,1.103750511044975911e+36,1.741625194791582732e+36,1.616663523444865974e+36,9.151797996801946910e+35,2.308737332351949013e+35,2.803942244431895131e+34,2.996916949525664234e+34,8.394214036131441974e+34,1.927599868460326343e+35,5.488101477770555876e+35,2.460468674747135582e+36,1.255379141863947659e+37,4.133233561788540091e+37,1.671659028858490982e+38,6.538694780390349869e+38,6.581404609132318175e+38
7.008967149915644647e+31,5.263846178152833419e+35,1.512572960441281316e+36,2.627312018184527199e+36,2.949775467268395521e+36,2.831735441020702961e+36,2.110577579919655895e+36,9.080842463581080079e+35,1.943098236462730486e+35,1.623021188835612770e+34,2.519609836427115055e+32,0.000000000000000000e+00,7.294620847670032708e+31,4.754541618957004670e+33,2.513201894928643287e+34,3.546732060294886919e+34,4.958506448157629114e+33,8.695857939379028348e+31,1.406387814285190265e+30,1.430293158220450955e+33,3.185030297581065137e+34,1.170406144319244462e+36,2.732767624235706697e+36,3.705433761404082004e+36,3.798004401370429447e+36,3.335688554856079606e+36,5.967237564826722837e+35,7.976922696235248513e+34,5.519105193942759604e+33,2.742048070524972480e+31,1.330009437870999243e+32,2.273728807364617678e+34,4.146587674631271904e+34,4.275489632029007618e+34,1.840013557242815143e+34,1.569536583092127424e+33,4.656660324305839240e+32,1.749992718863760748e+34,1.775203687519208492e+35,9.331464136261218250e+35,2.258804221831479798e+36,3.316961978760369807e+36,3.122551438738690657e+36,1.938281089947875382e+36,6.691420519974929609e+35,1.489534634070513678e+35,6.253448968592830672e+34,1.475305639150572621e+34,4.358868926825033891e+34,2.796502347214938535e+35,1.434045921416562248e+36,8.611172232105276044e+36,2.692651395029917576e+37,1.127058942635059187e+38,6.578563526236490096e+38,6.619682144730917847e+38
4.391019152331865654e+33,1.003733422909494866e+36,2.469967397855319733e+36,4.037995505822769812e+36,4.499823209179946376e+36,4.263439967297248203e+36,3.254421411342056724e+36,1.570672924106247419e+36,4.392799898862333004e+35,6.513488285598560447e+34,8.160124144264387063e+33,7.294620847670032708e+31,0.000000000000000000e+00,2.451852021630995893e+31,1.544420600261115392e+33,3.225482581548058391e+33,3.174550680294715163e+31,1.137679463754800375e+30,7.510728876078418925e+32,1.465047461506381267e+34,1.061940943250578512e+35,1.991231737549354552e+36,4.183316591679636486e+36,5.482745336467132726e+36,5.587444784332208387e+36,4.971228629948188868e+36,1.127434434845188249e+36,2.233044086792372147e+35,3.734121446783678349e+34,3.069013909507349833e+33,3.270551867766828631e+31,1.905507888587568907e+33,5.345170492549340489e+33,5.288379196829693956e+33,8.513325824402115696e+32,1.852262001112382169e+31,1.014640741825529585e+34,6.534764066884869762e+34,4.134302127570501478e+35,1.661090856733784208e+36,3.546824554223516896e+36,5.004222566018254901e+36,4.720681901676826972e+36,3.068206098783257422e+36,1.214176981630366713e+36,3.684666488058005922e+35,2.345824957051627805e+35,2.342750791559838438e+34,8.575134688258256032e+33,7.003757779567513672e+34,5.386501951000653611e+35,4.260301317032805963e+36,1.495063891510712800e+37,1.053562000580507698e+38,8.371709891949690660e+38,8.422354139648446056e+38
3.151288373159185593e+34,1.656036347431694880e+36,3.712496568801584484e+36,5.812503371032014203e+36,6.409199707494720794e+36,6.060838914998635359e+36,4.702428172718994508e+36,2.445886230695313558e+36,8.327895073981524191e+35,1.928984028723635596e+35,4.210198134153462236e+34,4.754541618957004670e+33,2.451852021630995893e+31,0.000000000000000000e+00,6.392924330130291500e+30,3.855675578215280009e+31,5.026369997278225962e+29,3.988157458872893705e+32,1.207794535555148194e+34,5.554198962422218590e+34,2.575993619821764456e+35,2.928400949796220436e+36,5.819588537132788368e+36,7.463404248263295441e+36,7.608852215221499881e+36,6.834919407925360992e+36,1.827705544266788551e+36,4.770221344045574174e+35,1.211090999520880825e+35,2.942933584173134912e+34,2.399355460787223199e+33,4.215460645493545634e+31,2.084650133278145504e+32,1.806781136386735712e+32,1.716460354397705080e+31,2.718468809605423787e+32,4.590954864225268364e+34,1.750319106436706449e+35,7.665250529848876636e+35,2.527062669705302923e+36,5.039955542711240719e+36,6.936686351173952988e+36,6.574133375897479291e+36,4.461432245919809265e+36,1.924228346458903539e+36,7.673447293992720866e+35,6.085298232356126221e+35,1.319529988997090793e+35,2.913150125453044838e+34,2.003909569186954201e+34,2.158006475267078037e+35,2.374264974188609528e+36,1.571328532823158792e+37,1.483585540952841181e+38,1.053405037801820313e+39,1.059428734912312554e+39
7.299804579207284146e+34,1.917356101116853243e+36,4.033390573893909477e+36,6.193349809869594179e+36,6.811113088108231087e+36,6.528928449517623405e+36,5.060294113836416083e+36,2.692604257966253967e+36,9.716463451921552055e+35,2.943602914438434950e+35,9.595116726911936388e+34,2.513201894928643287e+34,1.544420600261115392e+33,6.392924330130291500e+30,0.000000000000000000e+00,1.568891185058130922e+27,2.309605920777449804e+31,3.301102926274430708e+33,3.454091520242091667e+34,1.072965887497953199e+35,3.328318119312691061e+35,3.023360867403584369e+36,5.911725655485867613e+36,7.591539326934105640e+36,7.694524982984327395e+36,6.926074197824333252e+36,1.917262756830372657e+36,5.742229567576096392e+35,2.169418003575381825e+35,7.183422334900720532e+34,1.270094601437442462e+34,6.822029754762119291e+30,4.984934813888662899e+30,5.089420519433099710e+30,3.803900152570428444e+31,2.734786881267521195e+33,9.612320025251891865e+34,2.633722531416065853e+35,8.983950695842963228e+35,2.728144187983736727e+36,5.274218840400805992e+36,7.154275280681023344e+36,6.778042694519471206e+36,4.601775607435833783e+36,2.068697873376186605e+36,8.809963064325325359e+35,8.814141694543477750e+35,2.498638487290905681e+35,8.437778840302748406e+34,1.264356821127705836e+34,1.275943282464174107e+35,1.867316760423487063e+36,2.028181117863728687e+37,1.752742344535509346e+38,1.147407073705473750e+39,1.153873664487671835e+39
8.954336045734802444e+34,2.040797752990421681e+36,4.254763334560162913e+36,6.498466280809775657e+36,7.149012249508282422e+36,6.899213824448039546e+36,5.360159786632416022e+36,2.864826275595163132e+36,1.040762634416932496e+36,3.290189379698377202e+35,1.171697077534292445e+35,3.546732060294886919e+34,3.225482581548058391e+33,3.855675578215280009e+31,1.568891185058130922e+27,0.000000000000000000e+00,5.496498891955221033e+31,4.612750041923400520e+33,4.047441102581631241e+34,1.201376981660730660e+35,3.472769652789808777e+35,3.074485771799149066e+36,5.997615979802749305e+36,7.762220949426052940e+36,7.861671181938662361e+36,7.084169655547036536e+36,1.965022894940489560e+36,6.000469090847868962e+35,2.432590840987372566e+35,8.427900376778349599e+34,1.729883663204822754e+34,1.051565660849345572e+31,3.000035512732952859e+30,3.598656402447138102e+30,7.429236713166623248e+31,4.130068374419907998e+33,1.112938249145189266e+35,2.859542495199840865e+35,9.400190069273704094e+35,2.827549930627713344e+36,5.450406922973282728e+36,7.378250494681189063e+36,6.989175678566524822e+36,4.773011689234732340e+36,2.176958821359173628e+36,9.521897315372163480e+35,9.896879727356600250e+35,2.977512223487673121e+35,1.104323349449325506e+35,1.525354923892907190e+34,1.320938031791422134e+35,1.946704701206356480e+36,2.168223348114625425e+37,1.785903554293706170e+38,1.143080263845248623e+39,1.149393703295793909e+39
2.592363083381011921e+34,1.456943772202356203e+36,3.312230476135989864e+36,5.246882201028081234e+36,5.861881791567057512e+36,5.690913836013973470e+36,4.380554125268455585e+36,2.210102938825448160e+36,7.091855077993800693e+35,1.643641115376928013e+35,3.938227063676220710e+34,4.958506448157629114e+33,3.174550680294715163e+31,5.026369997278225962e+29,2.309605920777449804e+31,5.496498891955221033e+31,0.000000000000000000e+00,5.145511043204762539e+31,5.912920486122053153e+33,3.610297947845693246e+34,1.710778495249163045e+35,2.308901425681675797e+36,4.792227880316704287e+36,6.366724794495942702e+36,6.470270563277859134e+36,5.796106376359269509e+36,1.431947360632769224e+36,3.516903960094725519e+35,8.993998623205868092e+34,1.897446969485261586e+34,8.712485021133950655e+32,3.719828716002495053e+31,2.098778187784863565e+32,1.821164528503445163e+32,5.611891086839578399e+30,4.185341903059810923e+31,3.224941568832971374e+34,1.232607999457094014e+35,5.762500821686485517e+35,2.044373273990343593e+36,4.234521849185835929e+36,5.907443934396839943e+36,5.606228506580941992e+36,3.819146578660454078e+36,1.594543056148940048e+36,6.081426153109638889e+35,5.196661670811799957e+35,9.289705968662773129e+34,1.898774438417627604e+34,2.152438598759659666e+34,2.322974887333214263e+35,2.417149409591718438e+36,1.330258438400851045e+37,1.268555604531252737e+38,9.429992467262310775e+38,9.484360937988222786e+38
3.424517762834373216e+33,9.656792759403211652e+35,2.390226891332343878e+36,3.936399050675261852e+36,4.446617706783529177e+36,4.315450850755846556e+36,3.288512519334609367e+36,1.563423861457642960e+36,4.262280781053970976e+35,6.703296403429134501e+34,9.025976364686064015e+33,8.695857939379028348e+31,1.137679463754800375e+30,3.988157458872893705e+32,3.301102926274430708e+33,4.612750041923400520e+33,5.145511043204762539e+31,0.000000000000000000e+00,1.216574765693970447e+32,8.695425859472914743e+33,6.851067755233082329e+34,1.581308205452012703e+36,3.527917943306929914e+36,4.836577672496883003e+36,4.918850177443868936e+36,4.363925469550779202e+36,9.234709759767982705e+35,1.705960438383227149e+35,2.931340165418936600e+34,1.231272226154917748e+33,3.914361933432313493e+30,2.586804290201416233e+33,6.081945079631322161e+33,6.012327766731117525e+33,1.259511305509303102e+33,7.022809376762795397e+30,5.923019662319687219e+33,4.662004539134492829e+34,3.166205261239553859e+35,1.375692773386688418e+36,3.078381703157711986e+36,4.433216696040101013e+36,4.221392984934986044e+36,2.820100453668744362e+36,1.099826900284963350e+36,3.404666409980614724e+35,2.230782423475774813e+35,1.871492673436488936e+34,1.231677377959234684e+34,1.107238978665348003e+35,7.188867175242387460e+35,5.250951081368191879e+36,1.630342856941613227e+37,9.497955911965034096e+37,7.695555075606656107e+38,7.741758233559901722e+38
2.844064004616760484e+31,5.276822277789604158e+35,1.528935481882311821e+36,2.658337071531340010e+36,3.021261953576692526e+36,2.981116795419777795e+36,2.238996383851728391e+36,9.662429062227557913e+35,2.060502914318384430e+35,1.817083478480847310e+34,2.078651839736457859e+32,1.406387814285190265e+30,7.510728876078418925e+32,1.207794535555148194e+34,3.454091520242091667e+34,4.047441102581631241e+34,5.912920486122053153e+33,1.216574765693970447e+32,0.000000000000000000e+00,3.295267799567950036e+32,1.786639210472478182e+34,9.137457317588488982e+35,2.288631517712443220e+36,3.270112740670593090e+36,3.352884941424024351e+36,2.956606447665177395e+36,4.945561162834989900e+35,5.963896878597271083e+34,2.824736476700122692e+33,3.858667271175394524e+30,2.337529603553709835e+32,2.294373701842697373e+34,3.935515752141478510e+34,4.042109958320550378e+34,1.881814473909505532e+34,1.850342865115901808e+33,7.760458459411290895e+31,1.025379545254585654e+34,1.315233721246995248e+35,7.645132539744615687e+35,1.957713173946860211e+36,2.952035806097344515e+36,2.826254583556892624e+36,1.831362855041422970e+36,6.238615089550007572e+35,1.471513187004383001e+35,5.577406019102204536e+34,2.680298865974911104e+34,7.969831283810904018e+34,3.847572316826905766e+35,1.816595216901893393e+36,1.021330182324902042e+37,3.037122422137419807e+37,1.197069885171173822e+38,6.108012866469769962e+38,6.146244076552423843e+38
1.405735117958586397e+32,1.608485842731181313e+35,6.864723954780264434e+35,1.377148607780798215e+36,1.654181792939451043e+36,1.624069530101240050e+36,1.106974645850693777e+36,3.504269823142986899e+35,3.995878462140161428e+34,3.577986104104915938e+32,4.890612338072142913e+30,1.430293158220450955e+33,1.465047461506381267e+34,5.554198962422218590e+34,1.072965887497953199e+35,1.201376981660730660e+35,3.610297947845693246e+34,8.695425859472914743e+33,3.295267799567950036e+32,0.000000000000000000e+00,5.422977674457229089e+32,3.245463680015159934e+35,1.054723552712422198e+36,1.714723282922354894e+36,1.771328087871110776e+36,1.466779304127374783e+36,1.254867312882769022e+35,4.622257020608019125e+33,4.591967967207389285e+30,6.238546238400044581e+32,9.345801363392587355e+33,7.588775158378174704e+34,1.166512034473363179e+35,1.218412737079286734e+35,6.750549026366725002e+34,2.203823665136575044e+34,9.942879529534437111e+30,1.117690292500377657e+32,1.975845986249601668e+34,2.475108213025797174e+35,8.902092812808465087e+35,1.602715506533280285e+36,1.490913246139742550e+36,8.476515501892989511e+35,2.007880625877268445e+35,2.288766142585712224e+34,6.586758263151457381e+34,1.694421101201518569e+35,3.149373158012620332e+35,7.807193260258379426e+35,3.224000748820926934e+36,1.556706913479762558e+37,4.708823233466078451e+37,1.866517401234166057e+38,7.228163739297436125e+38,7.273005116880816884e+38
1.414978856991177233e+34,1.050247255831284251e+34,1.073645327819292390e+35,3.120584418037463615e+35,4.333253935375175028e+35,3.982084084557029388e+35,2.046228309145088747e+35,3.284808443316756181e+34,4.124039089382223072e+32,8.149419289963326531e+30,3.725478679243179087e+33,3.185030297581065137e+34,1.061940943250578512e+35,2.575993619821764456e+35,3.328318119312691061e+35,3.472769652789808777e+35,1.710778495249163045e+35,6.851067755233082329e+34,1.786639210472478182e+34,5.422977674457229089e+32,0.000000000000000000e+00,2.974489837498691153e+34,1.898099419201842289e+35,4.221147945245856560e+35,4.395583462573872743e+35,3.030381192534254114e+35,4.655514298033119432e+33,5.827121148058139715e+30,9.355351001689529665e+32,1.984132695441518659e+34,6.747769262166697729e+34,2.558813137959283553e+35,3.293401585024460297e+35,3.466939281546820593e+35,2.510195936357488078e+35,1.221755916417710041e+35,6.737097662686334032e+33,8.720054312288521107e+30,1.038156245218656205e+32,1.812679981847103634e+34,1.438041170318407954e+35,4.122289760962481122e+35,3.424602187160488785e+35,1.359783185136597415e+35,1.367315708204720476e+34,3.041961715534832700e+32,3.342820359456370738e+35,5.903084824361591985e+35,9.073441176544354753e+35,1.739263948495850644e+36,5.713923545534164806e+36,2.413041767731861628e+37,6.953767189141183012e+37,2.550643282916928411e+38,9.827828586169009856e+38,9.890009597650426420e+38
8.564732933844086954e+35,8.294087914441978546e+31,2.246156161054608777e+31,1.199585540916852084e+33,3.576080576287740686e+33,2.469915701991497993e+33,1.385252034325138830e+32,7.047780206850691612e+30,3.499428618113754009e+33,9.023555984043398097e+34,4.919415597555148520e+35,1.170406144319244462e+36,1.991231737549354552e+36,2.928400949796220436e+36,3.023360867403584369e+36,3.074485771799149066e+36,2.308901425681675797e+36,1.581308205452012703e+36,9.137457317588488982e+35,3.245463680015159934e+35,2.974489837498691153e+34,0.000000000000000000e+00,7.572585124727528513e+31,2.101299563935456156e+33,2.316080279928685955e+33,4.303187110892791603e+32,5.602140998826468685e+32,3.000156554032508607e+34,2.924085734311751416e+35,8.195572188946198646e+35,1.437207816148835784e+36,2.483525838173967201e+36,2.819951584279504249e+36,2.925917948872927458e+36,2.559225969977298850e+36,1.943387421743771815e+36,6.368484122825020056e+35,1.147465498983069195e+35,4.490929093891913580e+33,2.109898054320097294e+30,3.459515234995308856e+31,2.919995178322237205e+33,1.266386797459849122e+33,2.902419913498014619e+31,2.964366862486964302e+31,3.648219188268230944e+34,4.237226891579570121e+36,5.940190675288488509e+36,7.476752435579247097e+36,1.010103634619723362e+37,2.381524520698728271e+37,7.484775157735920206e+37,1.874987974829123999e+38,5.791103591741992432e+38,1.922247736103206145e+39,1.933650697413223946e+39
2.182238973370556670e+36,7.174858699552121482e+33,4.087651512261127384e+31,2.179064320485565960e+31,8.928342268410043742e+31,5.135583185331020106e+31,1.342942568020915201e+31,1.249074518712370079e+33,4.299308549694558845e+34,3.776483381662741562e+35,1.380428140680648052e+36,2.732767624235706697e+36,4.183316591679636486e+36,5.819588537132788368e+36,5.911725655485867613e+36,5.997615979802749305e+36,4.792227880316704287e+36,3.527917943306929914e+36,2.288631517712443220e+36,1.054723552712422198e+36,1.898099419201842289e+35,7.572585124727528513e+31,0.000000000000000000e+00,2.983455380061979539e+30,3.744482369819100965e+30,1.439750428268329007e+29,9.095260179174259074e+33,1.333157274200957450e+35,7.770302377502439962e+35,1.800653172707274322e+36,2.906628405047225880e+36,4.858361823172355232e+36,5.432122671878847663e+36,5.674399865142852808e+36,5.114595315283805220e+36,4.202084180356729463e+36,1.748134368968776769e+36,4.808517635678440392e+35,5.683916678308835974e+34,1.329960948345641780e+33,6.271644600540845124e+30,6.536090882077866218e+31,1.813259951868324055e+31,5.983122012548956462e+30,3.511482576426003520e+33,1.752962470666083989e+35,7.749847493752223731e+36,1.007975837967424309e+37,1.268382734779396769e+37,1.578654136245592484e+37,3.578825785149605272e+37,1.025227425415563579e+38,2.442358280780335527e+38,7.117784616346586196e+38,2.274204179251870147e+39,2.287097961412853487e+39
2.987947704012441308e+36,3.098259735003175368e+34,8.048502631093421406e+32,3.874801225305201085e+31,2.847790805063882329e+31,3.299775385147619976e+31,2.311753191197014099e+32,8.892171226651350908e+33,1.133023829211235068e+35,6.953226755524184266e+35,2.004235221459883843e+36,3.705433761404082004e+36,5.482745336467132726e+36,7.463404248263295441e+36,7.591539326934105640e+36,7.762220949426052940e+36,6.366724794495942702e+36,4.836577672496883003e+36,3.270112740670593090e+36,1.714723282922354894e+36,4.221147945245856560e+35,2.101299563935456156e+33,2.983455380061979539e+30,0.000000000000000000e+00,6.021387214958086837e+25,1.687422859816103208e+29,2.113187197921223815e+34,2.217242596680470114e+35,1.033106328262151366e+36,2.193944556782618168e+36,3.499502839912922822e+36,5.832471233162248632e+36,6.520212443345411881e+36,6.855561368064361043e+36,6.262342350666699883e+36,5.330835860818245873e+36,2.399366083873021283e+36,8.331266387963263763e+35,1.381354975136815936e+35,9.008418034909213040e+33,1.827378562072193109e+32,1.431560964490205258e+31,1.513465449677545982e+31,1.621010564399708435e+32,1.718349228692284505e+34,3.376340493694117152e+35,9.617665354336674273e+36,1.218123246925763379e+37,1.561541681465159136e+37,1.859292222449740385e+37,4.226548474415740159e+37,1.175335657243149461e+38,2.787967773618664647e+38,7.972435348537714658e+38,2.507648782422902792e+39,2.521100777058850479e+39
3.074280111712674649e+36,3.399225700202741662e+34,9.028170266304381299e+32,4.145090452384505397e+31,2.896372505804437618e+31,3.283458166575974065e+31,2.506597877371216130e+32,9.633674678000522377e+33,1.189032449999097284e+35,7.192992622016287741e+35,2.061504818723594320e+36,3.798004401370429447e+36,5.587444784332208387e+36,7.608852215221499881e+36,7.694524982984327395e+36,7.861671181938662361e+36,6.470270563277859134e+36,4.918850177443868936e+36,3.352884941424024351e+36,1.771328087871110776e+36,4.395583462573872743e+35,2.316080279928685955e+33,3.744482369819100965e+30,6.021387214958086837e+25,0.000000000000000000e+00,1.257031643549610375e+29,2.169412597201195300e+34,2.255783607626981452e+35,1.051449110851827213e+36,2.230010209045228140e+36,3.532320749903912103e+36,5.898756863499939076e+36,6.583996593362573692e+36,6.934777115228596684e+36,6.361193022139778062e+36,5.431271916057926033e+36,2.472478412890877079e+36,8.655765227477005647e+35,1.455583005469302267e+35,9.860835134795193962e+33,2.047340015593007553e+32,1.361784512284293075e+31,1.474566192409553696e+31,1.793618624058134455e+32,1.842383076198639406e+34,3.462791103238055093e+35,9.709350000603883243e+36,1.223253390905784032e+37,1.581984329946232479e+37,1.869508378012744746e+37,4.273056529836762862e+37,1.180570780898742219e+38,2.797589110770713457e+38,7.959076957067887220e+38,2.504022560233121404e+39,2.517697734912448269e+39
2.722690391292809311e+36,1.392497070019385184e+34,1.682867686277257982e+32,5.666760159540141030e+31,1.466981017222778855e+32,9.275954362150398407e+31,4.837948139574818508e+31,2.787954938144152247e+33,6.665112790279293212e+34,5.208094097486236011e+35,1.773969987696378628e+36,3.335688554856079606e+36,4.971228629948188868e+36,6.834919407925360992e+36,6.926074197824333252e+36,7.084169655547036536e+36,5.796106376359269509e+36,4.363925469550779202e+36,2.956606447665177395e+36,1.466779304127374783e+36,3.030381192534254114e+35,4.303187110892791603e+32,1.439750428268329007e+29,1.687422859816103208e+29,1.257031643549610375e+29,0.000000000000000000e+00,8.101832991589155762e+33,1.384508904996966920e+35,8.247613833465580360e+35,1.917465499111257562e+36,3.071524519613432786e+36,5.249088010743990150e+36,5.879902541506930060e+36,6.215057204813152145e+36,5.684612045134618866e+36,4.839554423382674711e+36,2.178747581375410774e+36,6.495861464856474440e+35,8.663238719998208220e+34,3.070021586671714426e+33,3.272152299493355750e+31,9.993187846713412474e+31,3.543183440412194333e+31,1.429616238042002459e+31,6.817513556234835867e+33,2.238878878686849169e+35,8.830423316600251863e+36,1.097613848004681483e+37,1.430102001839909512e+37,1.700058301327063252e+37,3.950094490291124451e+37,1.100077270571828816e+38,2.632379983908083705e+38,7.571008726099695380e+38,2.413198317819611862e+39,2.426347314488466621e+39
4.105821030165154922e+35,1.267712515361434289e+32,7.139134754308860969e+33,3.812536320302840356e+34,6.366929743634819409e+34,5.253355342906409237e+34,1.581202562120451457e+34,4.360004265593229867e+32,7.519286422659954594e+31,1.784513202120538574e+34,1.940198019242958737e+35,5.967237564826722837e+35,1.127434434845188249e+36,1.827705544266788551e+36,1.917262756830372657e+36,1.965022894940489560e+36,1.431947360632769224e+36,9.234709759767982705e+35,4.945561162834989900e+35,1.254867312882769022e+35,4.655514298033119432e+33,5.602140998826468685e+32,9.095260179174259074e+33,2.113187197921223815e+34,2.169412597201195300e+34,8.101832991589155762e+33,0.000000000000000000e+00,6.647500756655186269e+32,4.665269321571266930e+34,2.633069793391252992e+35,5.640655366503250289e+35,1.296725017093184438e+36,1.514620144188845329e+36,1.628288312442641597e+36,1.422511795873055063e+36,1.073896140997993520e+36,2.738378502426466542e+35,2.654254118790694376e+34,1.014939678175772386e+32,1.889844836729819377e+32,9.847456570429173768e+33,5.765775397865221652e+34,3.984262957605080013e+34,4.293237344175348353e+33,1.767970287539287612e+32,2.332732776612567069e+33,2.135206411389479028e+36,2.987957380645797270e+36,4.462715371194079972e+36,5.858778614851707311e+36,1.657039593262563457e+37,5.494784840877539976e+37,1.459914803082751078e+38,4.679816485884455449e+38,1.630278518688566786e+39,1.639955385745950349e+39
4.307520483137333824e+34,1.130571649124326511e+34,1.033421430567469397e+35,2.953027999486465346e+35,4.106537670629090155e+35,3.771040436088464825e+35,1.906182101866460140e+35,3.033338195173744640e+34,4.709233252601739623e+32,8.270829793138833932e+31,1.263409904278162053e+34,7.976922696235248513e+34,2.233044086792372147e+35,4.770221344045574174e+35,5.742229567576096392e+35,6.000469090847868962e+35,3.516903960094725519e+35,1.705960438383227149e+35,5.963896878597271083e+34,4.622257020608019125e+33,5.827121148058139715e+30,3.000156554032508607e+34,1.333157274200957450e+35,2.217242596680470114e+35,2.255783607626981452e+35,1.384508904996966920e+35,6.647500756655186269e+32,0.000000000000000000e+00,5.908996706938102250e+32,2.196484908152679700e+34,7.954830360499142763e+34,3.259495787092633811e+35,4.157382156087820611e+35,4.549298144952473660e+35,3.582082768264261080e+35,2.164580570144652445e+35,2.036243751765759126e+34,1.270457770262666266e+32,1.588533527028592839e+32,1.651427020317804583e+34,1.277104672487880626e+35,3.715725376626535345e+35,3.112321088566718266e+35,8.844206494184020627e+34,1.411664575718318925e+34,2.064739791353423792e+32,4.968027399352286733e+35,7.982065522445907622e+35,1.416854920633861204e+36,2.210403815125655685e+36,7.873135605375711491e+36,3.077467326980499869e+37,8.892794270246235654e+37,3.115307117725527274e+38,1.171801889454564187e+39,1.178920260067107442e+39
