9.397848193006055340e-01,1.000000000000000000e+00,9.982471112160226090e-01,9.908150284595066415e-01,9.853700975930934636e-01,9.869272131279263061e-01,9.949318843157867187e-01,9.998060583524908118e-01,9.987850962938807919e-01,9.834869997285957677e-01,9.506788299971646872e-01,9.133379521245017507e-01,8.823413330736038507e-01,8.514743884961962772e-01,8.411315164255831478e-01,8.365327632753181142e-01,8.600098400848368296e-01,8.844577868230031337e-01,9.132359720440227369e-01,9.511251097291252288e-01,9.872772433183962804e-01,9.988627651332576685e-01,9.894725426562769321e-01,9.782477093733834561e-01,9.772275183485469308e-01,9.853643366196281894e-01,9.985942183760044832e-01,9.868028440446562355e-01,9.531497523339741429e-01,9.165754646987446241e-01,8.866017360358250388e-01,8.470955138833928810e-01,8.358184622497105698e-01,8.328476267940999600e-01,8.464861612003733438e-01,8.686862481665656999e-01,9.303141256855158581e-01,9.739418695312472840e-01,9.969308973214209280e-01,9.994916504515910516e-01,9.935551578870115419e-01,9.790322414508370041e-01,9.839448899548399741e-01,9.949498203172474353e-01,9.996767623355702348e-01,9.892965817765010383e-01,8.309937241258544827e-01,8.004561040628188628e-01,7.818293896629117112e-01,7.344001147217221748e-01,6.152373259706944708e-01,4.108373314267899645e-01,2.351152889068061358e-01,7.062474050859057773e-02,7.009343538969005187e-03,6.905044080451118796e-03
8.888195333676213172e-01,9.982471112160226090e-01,1.000000000000000000e+00,9.996803643435622222e-01,9.987531679878007829e-01,9.990435710349544474e-01,9.999297974569689718e-01,9.994396733527314280e-01,9.889941952884190313e-01,9.549050868950476056e-01,9.050815072976430287e-01,8.575604326668330168e-01,8.217143198797732806e-01,7.860469791976939513e-01,7.780788730952883370e-01,7.728104448399730764e-01,7.966092820026501320e-01,8.243444648124704788e-01,8.568498903380675769e-01,9.016579487091134215e-01,9.598871290999139161e-01,9.994080237145045453e-01,9.992014972889019520e-01,9.964616484444581701e-01,9.962528779958094161e-01,9.983804812226416692e-01,9.894986454347406424e-01,9.606305777877657270e-01,9.059435093675677342e-01,8.613546553304380904e-01,8.268816227341639902e-01,7.829815332021021757e-01,7.709179929474072601e-01,7.673377059215013007e-01,7.812873395012598365e-01,8.051315305227937369e-01,8.750740971766011178e-01,9.359460073514319634e-01,9.809294137125864621e-01,9.981930730422752251e-01,9.996250792146141873e-01,9.968977251591548683e-01,9.983368566924374354e-01,9.996625999821717734e-01,9.977890290071395052e-01,9.661698017127258176e-01,7.573751970731321670e-01,7.260459725856919233e-01,7.087054814620953325e-01,6.608372372004569506e-01,5.394633698569227809e-01,3.413051918285883723e-01,1.825072088597593789e-01,4.884205965028438901e-02,3.987244100586810613e-03,3.920599854970915552e-03
8.509778027262711042e-01,9.908150284595066415e-01,9.996803643435622222e-01,1.000000000000000000e+00,9.999839197559999837e-01,9.999852595943001798e-01,9.998774634359753888e-01,9.956253553364410314e-01,9.752977717655736400e-01,9.278351231334711624e-01,8.707762842658544056e-01,8.166698363118857218e-01,7.779674591340994816e-01,7.399094729064574771e-01,7.327582992884003055e-01,7.272343248749160161e-01,7.511153774552568052e-01,7.804442438709408014e-01,8.156967512421565702e-01,8.636191460116176000e-01,9.325839955680453874e-01,9.956819349797413343e-01,9.994169291961239043e-01,9.992225566493440070e-01,9.991959089004593952e-01,9.990598955498163347e-01,9.758991067762914362e-01,9.343572755273865660e-01,8.692781213312724686e-01,8.216773040165109565e-01,7.836557155857608592e-01,7.376658171268200004e-01,7.250300117694215007e-01,7.211718951763211871e-01,7.353170145033848248e-01,7.595531639838642990e-01,8.364985429232559833e-01,9.031580420894800287e-01,9.621308753738849751e-01,9.915316483586019691e-01,9.991979369133262567e-01,9.996194531497405444e-01,9.997788951831688697e-01,9.988226988126281958e-01,9.907534016553922740e-01,9.413732864171945325e-01,7.071140212409331438e-01,6.729601626898245037e-01,6.557785424718304279e-01,6.085106979673349237e-01,4.867374075201620354e-01,2.952979106763928274e-01,1.514188614738860017e-01,3.754074978035416843e-02,2.756255016788925274e-03,2.710102761900405870e-03
8.381244819274470403e-01,9.853700975930934636e-01,9.987531679878007829e-01,9.999839197559999837e-01,1.000000000000000000e+00,9.999963701931472437e-01,9.995960465100014458e-01,9.929000792377387086e-01,9.691381655451462018e-01,9.176799570106406456e-01,8.620314531925208357e-01,8.068730217948540950e-01,7.671756291924465287e-01,7.288324715854448410e-01,7.217486392028154008e-01,7.160045099497517329e-01,7.389653676009866334e-01,7.683822403535955914e-01,8.047902158223503299e-01,8.515510717211622893e-01,9.210444469432872427e-01,9.925561926743677876e-01,9.988201087164901848e-01,9.993334661973035660e-01,9.993278067981440360e-01,9.984878440135432909e-01,9.689651249518692611e-01,9.230549654640372026e-01,8.572767918735385573e-01,8.105989241256689182e-01,7.707936215337368724e-01,7.243290388864344065e-01,7.117864211568808441e-01,7.077357598716730314e-01,7.214642344185350220e-01,7.451539317785187411e-01,8.247442162632104834e-01,8.896362792950767151e-01,9.531377432479597456e-01,9.869324520275802870e-01,9.981644468387861346e-01,9.997897178239532057e-01,9.997666721599242079e-01,9.976347334818705948e-01,9.864685882577362008e-01,9.311292208802810499e-01,6.942372016092247522e-01,6.586371848956312780e-01,6.406897728289018268e-01,5.941152359227164226e-01,4.743688541130994807e-01,2.850976543156733545e-01,1.432503223120127900e-01,3.445805815045669546e-02,2.433319280749286426e-03,2.391635641052715713e-03
8.370434399983003315e-01,9.869272131279263061e-01,9.990435710349544474e-01,9.999852595943001798e-01,9.999963701931472437e-01,1.000000000000000000e+00,9.998435649133395886e-01,9.945581656679536309e-01,9.722121771652446620e-01,9.215804023963601876e-01,8.638318814101326737e-01,8.103803512327515390e-01,7.726074938670353109e-01,7.352130123664453176e-01,7.266922706790595043e-01,7.202330364813176455e-01,7.422566901057848776e-01,7.713963468518483246e-01,8.059561362311321586e-01,8.528032165668909537e-01,9.241841735834088745e-01,9.938097767892001277e-01,9.991050198918095537e-01,9.992825374094224111e-01,9.992843128798085672e-01,9.987973730351956680e-01,9.717689102376242394e-01,9.261434266117141156e-01,8.580988277348076121e-01,8.104258882896330229e-01,7.718884867451704102e-01,7.249269080016351730e-01,7.125778879603240634e-01,7.084506902694663877e-01,7.221977463227431393e-01,7.460296029878501489e-01,8.238716145161169013e-01,8.917942463995831570e-01,9.554027523903847463e-01,9.884611692961865481e-01,9.985881443273525448e-01,9.997084232889803523e-01,9.997818011084738110e-01,9.982311527513668681e-01,9.881707547684558390e-01,9.346292740458395087e-01,6.958388488747688783e-01,6.616108346044798916e-01,6.452093666494553847e-01,5.985679826218831545e-01,4.804798432665220997e-01,2.913548990679667439e-01,1.473734638125903385e-01,3.585082363697009861e-02,2.530374571415554795e-03,2.486987200179500979e-03
8.574589349885691769e-01,9.949318843157867187e-01,9.999297974569689718e-01,9.998774634359753888e-01,9.995960465100014458e-01,9.998435649133395886e-01,1.000000000000000000e+00,9.989477520905379881e-01,9.845639522882748684e-01,9.423114569162922560e-01,8.849351152260389597e-01,8.340053677670173915e-01,7.981985761984313754e-01,7.626618396331361627e-01,7.549821793466482411e-01,7.488108043143378856e-01,7.698932117917450801e-01,7.972592649448524416e-01,8.294801605267024813e-01,8.768174993340517309e-01,9.450490832220438397e-01,9.985305391258375574e-01,9.995422353917845504e-01,9.981021092961843699e-01,9.980238233095775069e-01,9.991313300056120505e-01,9.844116728237793934e-01,9.469111201981110781e-01,8.816947258515073216e-01,8.327180946233381231e-01,7.965673491522360372e-01,7.518240577541819292e-01,7.401042219043590942e-01,7.359069874436023895e-01,7.490045890694624342e-01,7.718606079994009272e-01,8.448999380862544095e-01,9.145395798540918442e-01,9.709017800598912507e-01,9.958618826036205185e-01,9.996284540169756427e-01,9.984321902394894810e-01,9.993045754723032248e-01,9.996893569135193447e-01,9.957398347574352160e-01,9.553913608041130212e-01,7.268221021885964417e-01,6.949716702296440118e-01,6.781841434678113067e-01,6.331642954152204572e-01,5.146591251733335648e-01,3.212051885220963965e-01,1.679783008635634678e-01,4.332602995011745201e-02,3.358664049703142564e-03,3.300863752221730018e-03
9.073371480755033636e-01,9.998060583524908118e-01,9.994396733527314280e-01,9.956253553364410314e-01,9.929000792377387086e-01,9.945581656679536309e-01,9.989477520905379881e-01,1.000000000000000000e+00,9.975742789792899634e-01,9.756927280395849555e-01,9.331234326618230712e-01,8.877520742808981957e-01,8.550570971819057009e-01,8.225031918400166342e-01,8.146298896936173817e-01,8.093883230497844750e-01,8.304846197398599861e-01,8.553664809549743619e-01,8.844261008713736327e-01,9.287065037480377594e-01,9.776096971761601973e-01,9.996683598791092917e-01,9.955939586643972605e-01,9.882871948619078584e-01,9.878115446140867117e-01,9.934245720228788157e-01,9.973945065852571901e-01,9.784743329655791744e-01,9.322215543348308930e-01,8.869764776910373794e-01,8.546593020364831039e-01,8.132734992127427232e-01,8.022225634610695710e-01,7.983515002710169783e-01,8.110387077694815039e-01,8.328672924272039202e-01,9.001782223019735296e-01,9.571777734606636834e-01,9.920627154724730445e-01,9.996023483420248823e-01,9.973451914274898966e-01,9.884873103431410790e-01,9.921357921857960616e-01,9.985413369681350737e-01,9.997481142594656367e-01,9.835980428834315559e-01,7.990496056069185116e-01,7.673353113129752767e-01,7.485284442980983943e-01,7.060047500830615164e-01,5.882659284113954667e-01,3.859445214623195008e-01,2.135536162405868577e-01,6.089015211470074490e-02,5.582688867308603989e-03,5.492346859221067072e-03
9.599428568478824975e-01,9.987850962938807919e-01,9.889941952884190313e-01,9.752977717655736400e-01,9.691381655451462018e-01,9.722121771652446620e-01,9.845639522882748684e-01,9.975742789792899634e-01,1.000000000000000000e+00,9.966863802618776136e-01,9.766151474156240520e-01,9.464134697162970289e-01,9.205258832237562805e-01,8.922402281807449986e-01,8.841228575823528724e-01,8.803247926845672033e-01,9.001276631907092485e-01,9.216675885292178183e-01,9.448631203826195479e-01,9.753335349607259452e-01,9.974659017683656925e-01,9.926361063814449492e-01,9.744259920570794709e-01,9.588156701847639907e-01,9.578315227670621823e-01,9.682582335038523169e-01,9.989171557744066510e-01,9.972923072494473962e-01,9.771162701130454709e-01,9.465780730244228725e-01,9.214357385454244875e-01,8.844539362886069123e-01,8.750621041042082604e-01,8.718960493316550986e-01,8.829202719641301433e-01,9.034852168884004442e-01,9.570268637758156949e-01,9.899825535609008131e-01,9.995836934189269440e-01,9.955863379112530609e-01,9.801785638487646724e-01,9.605195057199158448e-01,9.668375422180930379e-01,9.844213244243791294e-01,9.977905832269517994e-01,9.983712080293603019e-01,8.852417666959310205e-01,8.584035877037728968e-01,8.377391794978893413e-01,7.968381547869548553e-01,6.858143846890947248e-01,4.834077411983372929e-01,2.916591637288260541e-01,9.721823238851226567e-02,1.139864593580648677e-02,1.123369619084140479e-02
9.909503110670361270e-01,9.834869997285957677e-01,9.549050868950476056e-01,9.278351231334711624e-01,9.176799570106406456e-01,9.215804023963601876e-01,9.423114569162922560e-01,9.756927280395849555e-01,9.966863802618776136e-01,1.000000000000000000e+00,9.974158417316483227e-01,9.842085084994504074e-01,9.686155978098687225e-01,9.466031434891015728e-01,9.344586008228208396e-01,9.308401787885792755e-01,9.506072282620782188e-01,9.681689015817186439e-01,9.832987784835406364e-01,9.976394177368479443e-01,9.996433856657667150e-01,9.631635906182830498e-01,9.260921645677334668e-01,9.010583886127869757e-01,8.994549700325135122e-01,9.137776789749040285e-01,9.834478843345967336e-01,9.988643598523126999e-01,9.975761328912762238e-01,9.836008818545097787e-01,9.685626414800020401e-01,9.359866124126137166e-01,9.271705446149786090e-01,9.248467083203919525e-01,9.367030988984464956e-01,9.560610442325884195e-01,9.910448806758876961e-01,9.995328496210232894e-01,9.948916138163885758e-01,9.714978782229675147e-01,9.360947005254602882e-01,9.045724225330835644e-01,9.125883998974324562e-01,9.436129891533210357e-01,9.793374515000359271e-01,9.967802148260263007e-01,9.474171420586690040e-01,9.272807893078984787e-01,9.099531089433009479e-01,8.697645945746740326e-01,7.701466142689746830e-01,5.769758314099993068e-01,3.815147973828298400e-01,1.481075710152415792e-01,2.227530211210004135e-02,2.200049097656081587e-02
9.996474397814841817e-01,9.506788299971646872e-01,9.050815072976430287e-01,8.707762842658544056e-01,8.620314531925208357e-01,8.638318814101326737e-01,8.849351152260389597e-01,9.331234326618230712e-01,9.766151474156240520e-01,9.974158417316483227e-01,1.000000000000000000e+00,9.980187057778214799e-01,9.887769019253829228e-01,9.746890113539120604e-01,9.620369560898354155e-01,9.581334960223383268e-01,9.755099168807577215e-01,9.881999195981090445e-01,9.982002479120681837e-01,9.997237294864734780e-01,9.924028794975559009e-01,9.160966545845670161e-01,8.634684747048467779e-01,8.378774135408747492e-01,8.357775130737946645e-01,8.466968663576386334e-01,9.464523848074635204e-01,9.860543408638178242e-01,9.990615949601698853e-01,9.979450671081037116e-01,9.884176815470262500e-01,9.647585244743617228e-01,9.562996530114727944e-01,9.550834085331407763e-01,9.656703890872099239e-01,9.797638144020208717e-01,9.995532673206566354e-01,9.956205618216883435e-01,9.747593189117316204e-01,9.277559145391844897e-01,8.769854936766192655e-01,8.479882830619738243e-01,8.531132356483923651e-01,8.873400231511795466e-01,9.417321371947025010e-01,9.792956179991690879e-01,9.786025556129391845e-01,9.644478379156762315e-01,9.466217838847720278e-01,9.115943904253185348e-01,8.220249357243718524e-01,6.423058615490485623e-01,4.478650901385217709e-01,1.988061870971715994e-01,4.097026747902240279e-02,4.054568074550875950e-02
9.989545270384840858e-01,9.133379521245017507e-01,8.575604326668330168e-01,8.166698363118857218e-01,8.068730217948540950e-01,8.103803512327515390e-01,8.340053677670173915e-01,8.877520742808981957e-01,9.464134697162970289e-01,9.842085084994504074e-01,9.980187057778214799e-01,1.000000000000000000e+00,9.989334466766242038e-01,9.914217675893213233e-01,9.803875166138459329e-01,9.767443979303076507e-01,9.912405008510742910e-01,9.988355625765320545e-01,9.998518392095466778e-01,9.952858893538292229e-01,9.779485727690679919e-01,8.735671488892600145e-01,8.133898207830414506e-01,7.862270868671635826e-01,7.838831327114671454e-01,7.959692244868470379e-01,9.079953164949655653e-01,9.653270826609141597e-01,9.907608243969431294e-01,9.993459538664075659e-01,9.985601162829302879e-01,9.813363061449644764e-01,9.748785152939696275e-01,9.744960202419002959e-01,9.831946187521958258e-01,9.950623055043240628e-01,9.973074433132413930e-01,9.836074363086301231e-01,9.487190610436984084e-01,8.863046031915077227e-01,8.287959924920307309e-01,7.964799586892991057e-01,8.018898220859073112e-01,8.403399704434407758e-01,9.028444638196858607e-01,9.529229557452073562e-01,9.692386252699699556e-01,9.849386922813978540e-01,9.742517493099550618e-01,9.360630302849735074e-01,8.610336859431693135e-01,6.930566397773220144e-01,5.229129655933836274e-01,2.654215983376923549e-01,4.057374472524920977e-02,4.017004877877043689e-02
9.917548419593839037e-01,8.823413330736038507e-01,8.217143198797732806e-01,7.779674591340994816e-01,7.671756291924465287e-01,7.726074938670353109e-01,7.981985761984313754e-01,8.550570971819057009e-01,9.205258832237562805e-01,9.686155978098687225e-01,9.887769019253829228e-01,9.989334466766242038e-01,1.000000000000000000e+00,9.993815199356220758e-01,9.951018744260979876e-01,9.929291713929480068e-01,9.992962779001780538e-01,9.998667418024359543e-01,9.965816964850129356e-01,9.849907505505146599e-01,9.601019409958171380e-01,8.383591169691125833e-01,7.744915982967097712e-01,7.463519692728546318e-01,7.442798738917747459e-01,7.568602178730664543e-01,8.757578335280771231e-01,9.426671119817604527e-01,9.761452481269036197e-01,9.931022065997651138e-01,9.992857203385306919e-01,9.945608066424334037e-01,9.909069070070334329e-01,9.909551223800082687e-01,9.963610912812408404e-01,9.994624147292625604e-01,9.874934066041584080e-01,9.685651958339615009e-01,9.228055801537561331e-01,8.512656443391848349e-01,7.903290723426698028e-01,7.561620149745588160e-01,7.622612769132539601e-01,8.034387325434138027e-01,8.713821690945683374e-01,9.269622942950122013e-01,9.412799543688550319e-01,9.810578234141028586e-01,9.884966742744750734e-01,9.674749390416119699e-01,9.123794022472474508e-01,7.726808785225331988e-01,6.168641861643248125e-01,2.773548781735208912e-01,2.691430454702038386e-02,2.662204742985173692e-02
9.780643951615438647e-01,8.514743884961962772e-01,7.860469791976939513e-01,7.399094729064574771e-01,7.288324715854448410e-01,7.352130123664453176e-01,7.626618396331361627e-01,8.225031918400166342e-01,8.922402281807449986e-01,9.466031434891015728e-01,9.746890113539120604e-01,9.914217675893213233e-01,9.993815199356220758e-01,1.000000000000000000e+00,9.996841403872740450e-01,9.992244769706123408e-01,9.999114230124945824e-01,9.975079465283213098e-01,9.863626132525376011e-01,9.709834856026474670e-01,9.385548100450726849e-01,8.075017283429324344e-01,7.397736860314687579e-01,7.108204227649983498e-01,7.084715319067255157e-01,7.213378211793980421e-01,8.445814088431361499e-01,9.173242103754261079e-01,9.574505750187176645e-01,9.787940797159994100e-01,9.938985659716887966e-01,9.991891149523950411e-01,9.981976553814331243e-01,9.983219648578723904e-01,9.994824916013967941e-01,9.979420830878080739e-01,9.735841769083366515e-01,9.490704088311835429e-01,8.963811066637655811e-01,8.198621530324904372e-01,7.554091637391954217e-01,7.195922883242349410e-01,7.258909452676699514e-01,7.680453589894423727e-01,8.408709981502114905e-01,8.963286952202230706e-01,9.071330401789465814e-01,9.556284743694721806e-01,9.789005150330317706e-01,9.824685850066560144e-01,9.436107038266602354e-01,8.248772158534223298e-01,6.094032946327921918e-01,2.183096627885212637e-01,1.733228355151546912e-02,1.713276975827275964e-02
9.668060578393602444e-01,8.411315164255831478e-01,7.780788730952883370e-01,7.327582992884003055e-01,7.217486392028154008e-01,7.266922706790595043e-01,7.549821793466482411e-01,8.146298896936173817e-01,8.841228575823528724e-01,9.344586008228208396e-01,9.620369560898354155e-01,9.803875166138459329e-01,9.951018744260979876e-01,9.996841403872740450e-01,1.000000000000000000e+00,9.999950511048756319e-01,9.993997233160846205e-01,9.928470604285368761e-01,9.770465892856592394e-01,9.598995655239779268e-01,9.304548270306423063e-01,8.047295178424395123e-01,7.380176013346082531e-01,7.087495337806410944e-01,7.071020664054605831e-01,7.197735131895950378e-01,8.411350587584992544e-01,9.096649838509308639e-01,9.434660976193341986e-01,9.670673061646254398e-01,9.860177551121218631e-01,9.996737136869815465e-01,9.997210784426839858e-01,9.997181708724093285e-01,9.992296995604088572e-01,9.934873670119149791e-01,9.620035935427763141e-01,9.378918350830757200e-01,8.883176618609495145e-01,8.135320100898847384e-01,7.505563182671727285e-01,7.159164851609782776e-01,7.223209071917247037e-01,7.648885038980245410e-01,8.355162075803140853e-01,8.893419078999541538e-01,8.893171769359184964e-01,9.394556867784225052e-01,9.643573637370738139e-01,9.860491523738861286e-01,9.563510981223678487e-01,8.430451654119621718e-01,5.696767284112232987e-01,1.912566918635967839e-01,1.451963333122186124e-02,1.434773919966822811e-02
9.633025193021746979e-01,8.365327632753181142e-01,7.728104448399730764e-01,7.272343248749160161e-01,7.160045099497517329e-01,7.202330364813176455e-01,7.488108043143378856e-01,8.093883230497844750e-01,8.803247926845672033e-01,9.308401787885792755e-01,9.581334960223383268e-01,9.767443979303076507e-01,9.929291713929480068e-01,9.992244769706123408e-01,9.999950511048756319e-01,1.000000000000000000e+00,9.990741196736145913e-01,9.915501011735292636e-01,9.751768829724647425e-01,9.576178847576647390e-01,9.290159798887367426e-01,8.032589035162333024e-01,7.363965736494779701e-01,7.060271999066537463e-01,7.044595461866896002e-01,7.170925727324393151e-01,8.393356544785458562e-01,9.077516653344740449e-01,9.402366744108836549e-01,9.643778577984652989e-01,9.837011174084704379e-01,9.995949178240701727e-01,9.997836140195314192e-01,9.997630091176612499e-01,9.989236557831806529e-01,9.920025947178010561e-01,9.591747589863198753e-01,9.353700677541790798e-01,8.859114897458445492e-01,8.105063273531771806e-01,7.469971415943421622e-01,7.122098837378473268e-01,7.186986221190388990e-01,7.611183748817959005e-01,8.316464851171097017e-01,8.852192561387061120e-01,8.831171588493083036e-01,9.340948596939055992e-01,9.593298095445046414e-01,9.846872975171409026e-01,9.556053400273146758e-01,8.400227400392217270e-01,5.588980408419969015e-01,1.883010380702678233e-01,1.463607092025009937e-02,1.446655541948372974e-02
9.800841051886564070e-01,8.600098400848368296e-01,7.966092820026501320e-01,7.511153774552568052e-01,7.389653676009866334e-01,7.422566901057848776e-01,7.698932117917450801e-01,8.304846197398599861e-01,9.001276631907092485e-01,9.506072282620782188e-01,9.755099168807577215e-01,9.912405008510742910e-01,9.992962779001780538e-01,9.999114230124945824e-01,9.993997233160846205e-01,9.990741196736145913e-01,1.000000000000000000e+00,9.991041556310378269e-01,9.904384270178835381e-01,9.765393783972263764e-01,9.496341358332528459e-01,8.270813763895404902e-01,7.607006882929358005e-01,7.295980515422344492e-01,7.277375439186990480e-01,7.402241340316118023e-01,8.611279890146018579e-01,9.285827984296098903e-01,9.632228461920837592e-01,9.829365891415170475e-01,9.963188513448519856e-01,9.992382562108029775e-01,9.981915638014497993e-01,9.983153044798346309e-01,9.997040602789195596e-01,9.991920157897825616e-01,9.778123802368756667e-01,9.570824521061073176e-01,9.095131090575262478e-01,8.364020314917168797e-01,7.732849176282672321e-01,7.380988120671591046e-01,7.439107926400427839e-01,7.833527905821670023e-01,8.540441381259246123e-01,9.071611742800183009e-01,9.138681652077612627e-01,9.626344955437219353e-01,9.829306725618610630e-01,9.818363165035609574e-01,9.415580966970135135e-01,8.234506770186039715e-01,6.340027482323981056e-01,2.448184486661650894e-01,2.156260054138646118e-02,2.132576069329457716e-02
9.927150613596206208e-01,8.844577868230031337e-01,8.243444648124704788e-01,7.804442438709408014e-01,7.683822403535955914e-01,7.713963468518483246e-01,7.972592649448524416e-01,8.553664809549743619e-01,9.216675885292178183e-01,9.681689015817186439e-01,9.881999195981090445e-01,9.988355625765320545e-01,9.998667418024359543e-01,9.975079465283213098e-01,9.928470604285368761e-01,9.915501011735292636e-01,9.991041556310378269e-01,1.000000000000000000e+00,9.986228441276308043e-01,9.884167389507275692e-01,9.678256368635622664e-01,8.546046833128471132e-01,7.908255514806739050e-01,7.597407482860411010e-01,7.579747368548304109e-01,7.702757956519600269e-01,8.868607994215080836e-01,9.497032928383970507e-01,9.788354447199372199e-01,9.956254006205311757e-01,9.997528334325853638e-01,9.936654535335565086e-01,9.903033881533290783e-01,9.903587751095699332e-01,9.955756300581944940e-01,9.996689478163812703e-01,9.904303041717762435e-01,9.733832900250064535e-01,9.321100513863338488e-01,8.636860972181393814e-01,8.031474494621692051e-01,7.686875895336965359e-01,7.735934289193192592e-01,8.107308222317289870e-01,8.771903092460802132e-01,9.296902571152967365e-01,9.426953047083740378e-01,9.830526942431847548e-01,9.862293689989818368e-01,9.592772638958816378e-01,8.994823068157228318e-01,7.510320466521041016e-01,6.038135651512227531e-01,2.959201977069997325e-01,3.124066829950347679e-02,3.091778136259923371e-02
9.993339023290470635e-01,9.132359720440227369e-01,8.568498903380675769e-01,8.156967512421565702e-01,8.047902158223503299e-01,8.059561362311321586e-01,8.294801605267024813e-01,8.844261008713736327e-01,9.448631203826195479e-01,9.832987784835406364e-01,9.982002479120681837e-01,9.998518392095466778e-01,9.965816964850129356e-01,9.863626132525376011e-01,9.770465892856592394e-01,9.751768829724647425e-01,9.904384270178835381e-01,9.986228441276308043e-01,1.000000000000000000e+00,9.977344906608188735e-01,9.834381095341376833e-01,8.874231574184417992e-01,8.277724398617806179e-01,7.977654880345289579e-01,7.955017720346932997e-01,8.066726800104886408e-01,9.158836254040697566e-01,9.699482951006759279e-01,9.933814826637104023e-01,9.997545978939557099e-01,9.980915678121913270e-01,9.812525641876965743e-01,9.755182444887597892e-01,9.751930318803512243e-01,9.830064227718087189e-01,9.946399050758635285e-01,9.988999368480034891e-01,9.874278135504329645e-01,9.556991425162173481e-01,8.965098762967415036e-01,8.396093771933360594e-01,8.068066984904599392e-01,8.105453377647953150e-01,8.444387563357821369e-01,9.060268546732463957e-01,9.532018170168564675e-01,9.709238181055219741e-01,9.797525517299877640e-01,9.653422277705274723e-01,9.254262636105586859e-01,8.450157903682645744e-01,6.707914778086132568e-01,5.022970489325975230e-01,2.548670943626492047e-01,4.559771986428575591e-02,4.515987264140432222e-02
9.985197228872337849e-01,9.511251097291252288e-01,9.016579487091134215e-01,8.636191460116176000e-01,8.515510717211622893e-01,8.528032165668909537e-01,8.768174993340517309e-01,9.287065037480377594e-01,9.753335349607259452e-01,9.976394177368479443e-01,9.997237294864734780e-01,9.952858893538292229e-01,9.849907505505146599e-01,9.709834856026474670e-01,9.598995655239779268e-01,9.576178847576647390e-01,9.765393783972263764e-01,9.884167389507275692e-01,9.977344906608188735e-01,1.000000000000000000e+00,9.970946385776916499e-01,9.312952657249734534e-01,8.795750196228682150e-01,8.490730665766001994e-01,8.468018309407772115e-01,8.595729005547637636e-01,9.567051420572569853e-01,9.915414348550910528e-01,9.997322964064737638e-01,9.968841457566630648e-01,9.879939274195354004e-01,9.661665570993739349e-01,9.582242687677212656e-01,9.573249310493862074e-01,9.680587152554622765e-01,9.816227774847841037e-01,9.996061022913049765e-01,9.986799607263837641e-01,9.825906978080898302e-01,9.397326515916528678e-01,8.887981560576014850e-01,8.536993483973249752e-01,8.585078583834705457e-01,8.913369304966909379e-01,9.455520787366390456e-01,9.812752720443472798e-01,9.684423776000682382e-01,9.498693438355798602e-01,9.322844881203045109e-01,8.954778524982937027e-01,7.990418593408744607e-01,6.108124704623927315e-01,4.242757729486615337e-01,1.814124746022674761e-01,3.476546673423328015e-02,3.440566203890214891e-02
9.852475359577873570e-01,9.872772433183962804e-01,9.598871290999139161e-01,9.325839955680453874e-01,9.210444469432872427e-01,9.241841735834088745e-01,9.450490832220438397e-01,9.776096971761601973e-01,9.974659017683656925e-01,9.996433856657667150e-01,9.924028794975559009e-01,9.779485727690679919e-01,9.601019409958171380e-01,9.385548100450726849e-01,9.304548270306423063e-01,9.290159798887367426e-01,9.496341358332528459e-01,9.678256368635622664e-01,9.834381095341376833e-01,9.970946385776916499e-01,1.000000000000000000e+00,9.786819075728986350e-01,9.470207558296530603e-01,9.220313042977694717e-01,9.205017355722907579e-01,9.335321272124157410e-01,9.915111888710833599e-01,9.996984395060125594e-01,9.961857129313984593e-01,9.825545486250093496e-01,9.680651862225954085e-01,9.387536380016328064e-01,9.308076223168701979e-01,9.290734259353864433e-01,9.393201563452612257e-01,9.572676917703003552e-01,9.897970837153032830e-01,9.996311138126846574e-01,9.987277634598298315e-01,9.833188576849483109e-01,9.537245472981989991e-01,9.229133660093801206e-01,9.294921334050761930e-01,9.549721195245481908e-01,9.854963043532473099e-01,9.978232093053329699e-01,9.303088802508024946e-01,9.084677928010932435e-01,8.877951584625188852e-01,8.480831048774025716e-01,7.418100187134153423e-01,5.413141904600241583e-01,3.527863379723764625e-01,1.359543819507615658e-01,1.990283826780692503e-02,1.965812477870124489e-02
8.908049259552228705e-01,9.988627651332576685e-01,9.994080237145045453e-01,9.956819349797413343e-01,9.925561926743677876e-01,9.938097767892001277e-01,9.985305391258375574e-01,9.996683598791092917e-01,9.926361063814449492e-01,9.631635906182830498e-01,9.160966545845670161e-01,8.735671488892600145e-01,8.383591169691125833e-01,8.075017283429324344e-01,8.047295178424395123e-01,8.032589035162333024e-01,8.270813763895404902e-01,8.546046833128471132e-01,8.874231574184417992e-01,9.312952657249734534e-01,9.786819075728986350e-01,1.000000000000000000e+00,9.989133268894677675e-01,9.942889783689923267e-01,9.940050623523284390e-01,9.974115168648964858e-01,9.970471055193823595e-01,9.785911182988467072e-01,9.346689743087116531e-01,8.930520581309687733e-01,8.608917494906399570e-01,8.212721834918846886e-01,8.107353121625933134e-01,8.075749432923973181e-01,8.188298018507484954e-01,8.401475713072829032e-01,9.051014730109194772e-01,9.585595283075767359e-01,9.916619574348457533e-01,9.998185302500365301e-01,9.992653830097657508e-01,9.932711829013995963e-01,9.955635972826544222e-01,9.993271056556947141e-01,9.993199651354718327e-01,9.764179498673400959e-01,7.732214273582580510e-01,7.374786822843074630e-01,7.106035843007592057e-01,6.722692583476543859e-01,5.434953970824494274e-01,3.392758606168534974e-01,1.807119633364643319e-01,4.945341750755920252e-02,4.177910422366109058e-03,4.110675613166572470e-03
8.314606912502364722e-01,9.894725426562769321e-01,9.992014972889019520e-01,9.994169291961239043e-01,9.988201087164901848e-01,9.991050198918095537e-01,9.995422353917845504e-01,9.955939586643972605e-01,9.744259920570794709e-01,9.260921645677334668e-01,8.634684747048467779e-01,8.133898207830414506e-01,7.744915982967097712e-01,7.397736860314687579e-01,7.380176013346082531e-01,7.363965736494779701e-01,7.607006882929358005e-01,7.908255514806739050e-01,8.277724398617806179e-01,8.795750196228682150e-01,9.470207558296530603e-01,9.989133268894677675e-01,1.000000000000000000e+00,9.997842127276695967e-01,9.997582556629776018e-01,9.999525925902165158e-01,9.881549859660072599e-01,9.554051150948027482e-01,8.957117254538972118e-01,8.456417977518205786e-01,8.081450123154930720e-01,7.592712894943003388e-01,7.473630190024393993e-01,7.425779872978796048e-01,7.538475494924444797e-01,7.740482580766822052e-01,8.477272778072481030e-01,9.170071447756230620e-01,9.706515947341557426e-01,9.954538548253163421e-01,9.996871503378493840e-01,9.989903923584849688e-01,9.994681031443394259e-01,9.996944301638891472e-01,9.926234814846985888e-01,9.490329626704001598e-01,7.062231907610548864e-01,6.725506382592558730e-01,6.408386797519539657e-01,6.087009634535440750e-01,4.735717717540910421e-01,2.822125816772127482e-01,1.419018863877935244e-01,3.567218913589644685e-02,2.584114560734192354e-03,2.540894181155421098e-03
8.057570775631607285e-01,9.782477093733834561e-01,9.964616484444581701e-01,9.992225566493440070e-01,9.993334661973035660e-01,9.992825374094224111e-01,9.981021092961843699e-01,9.882871948619078584e-01,9.588156701847639907e-01,9.010583886127869757e-01,8.378774135408747492e-01,7.862270868671635826e-01,7.463519692728546318e-01,7.108204227649983498e-01,7.087495337806410944e-01,7.060271999066537463e-01,7.295980515422344492e-01,7.597407482860411010e-01,7.977654880345289579e-01,8.490730665766001994e-01,9.220313042977694717e-01,9.942889783689923267e-01,9.997842127276695967e-01,1.000000000000000000e+00,9.999990304706044553e-01,9.999486767992831204e-01,9.820011865837188214e-01,9.428644026064273431e-01,8.807383847741683258e-01,8.310497516614119284e-01,7.915748181475250611e-01,7.395270651372970461e-01,7.268471956202213757e-01,7.209823770830041667e-01,7.314938437818157002e-01,7.494043518794881731e-01,8.240403866371783792e-01,8.922196386077323460e-01,9.546245564354572943e-01,9.882113346452632285e-01,9.983124351595186186e-01,9.995273766345402766e-01,9.995140477194198736e-01,9.984105002937871953e-01,9.837551022234340969e-01,9.299728361975643232e-01,6.787661459924653196e-01,6.465709584043090041e-01,6.103454239634619194e-01,5.834775363327255882e-01,4.438448782800786807e-01,2.580643393750465808e-01,1.241575357541391117e-01,2.936839345408883209e-02,1.917537444379812436e-03,1.885668719018495200e-03
8.032647893919899751e-01,9.772275183485469308e-01,9.962528779958094161e-01,9.991959089004593952e-01,9.993278067981440360e-01,9.992843128798085672e-01,9.980238233095775069e-01,9.878115446140867117e-01,9.578315227670621823e-01,8.994549700325135122e-01,8.357775130737946645e-01,7.838831327114671454e-01,7.442798738917747459e-01,7.084715319067255157e-01,7.071020664054605831e-01,7.044595461866896002e-01,7.277375439186990480e-01,7.579747368548304109e-01,7.955017720346932997e-01,8.468018309407772115e-01,9.205017355722907579e-01,9.940050623523284390e-01,9.997582556629776018e-01,9.999990304706044553e-01,1.000000000000000000e+00,9.999557027873443582e-01,9.817654939740099174e-01,9.423844890517508732e-01,8.797503691172074980e-01,8.297917301114130506e-01,7.907097892843106823e-01,7.382636963421241871e-01,7.257165885499590186e-01,7.196248789510183430e-01,7.296980048007888353e-01,7.473800624176486496e-01,8.216323271261556371e-01,8.902591409556078750e-01,9.534498121180470243e-01,9.876695654072089603e-01,9.982138424940826260e-01,9.995390360179013944e-01,9.995203318629728440e-01,9.983280832037925157e-01,9.831838929454623788e-01,9.291143290878213223e-01,6.775166539602216487e-01,6.459781322744814203e-01,6.083824920706804029e-01,5.826157403656490041e-01,4.418711283414550883e-01,2.572878778629996144e-01,1.237117844907242581e-01,2.945535876024365021e-02,1.926234814963643203e-03,1.893672352908379493e-03
8.136999233038137991e-01,9.853643366196281894e-01,9.983804812226416692e-01,9.990598955498163347e-01,9.984878440135432909e-01,9.987973730351956680e-01,9.991313300056120505e-01,9.934245720228788157e-01,9.682582335038523169e-01,9.137776789749040285e-01,8.466968663576386334e-01,7.959692244868470379e-01,7.568602178730664543e-01,7.213378211793980421e-01,7.197735131895950378e-01,7.170925727324393151e-01,7.402241340316118023e-01,7.702757956519600269e-01,8.066726800104886408e-01,8.595729005547637636e-01,9.335321272124157410e-01,9.974115168648964858e-01,9.999525925902165158e-01,9.999486767992831204e-01,9.999557027873443582e-01,1.000000000000000000e+00,9.888168340054035443e-01,9.545739791271571351e-01,8.927319067311210166e-01,8.411273649974155830e-01,8.033436760462957515e-01,7.510701972436979457e-01,7.386221045555866338e-01,7.323594670068998003e-01,7.423792267957347590e-01,7.596765184845594154e-01,8.315835137650569031e-01,9.042038718486576920e-01,9.638929564186634602e-01,9.931010782000652126e-01,9.992855456573683792e-01,9.987517724925707441e-01,9.992565560260616708e-01,9.995276976891035448e-01,9.897366845266506452e-01,9.425944482264030366e-01,6.898495060306644167e-01,6.610404189888410276e-01,6.234453713655107032e-01,5.974030982387313893e-01,4.559985039546540775e-01,2.696953653508075144e-01,1.317095510840181061e-01,3.213297022101401640e-02,2.159770768053769982e-03,2.124004369174836617e-03
9.230614144935934684e-01,9.985942183760044832e-01,9.894986454347406424e-01,9.758991067762914362e-01,9.689651249518692611e-01,9.717689102376242394e-01,9.844116728237793934e-01,9.973945065852571901e-01,9.989171557744066510e-01,9.834478843345967336e-01,9.464523848074635204e-01,9.079953164949655653e-01,8.757578335280771231e-01,8.445814088431361499e-01,8.411350587584992544e-01,8.393356544785458562e-01,8.611279890146018579e-01,8.868607994215080836e-01,9.158836254040697566e-01,9.567051420572569853e-01,9.915111888710833599e-01,9.970471055193823595e-01,9.881549859660072599e-01,9.820011865837188214e-01,9.817654939740099174e-01,9.888168340054035443e-01,1.000000000000000000e+00,9.967838019437429420e-01,9.733740970381461466e-01,9.378992878615622919e-01,9.104304458209023787e-01,8.673803451260144737e-01,8.574712917975544357e-01,8.526269824782650719e-01,8.615529796333022405e-01,8.785544213465996677e-01,9.367093673858726266e-01,9.798501648908797268e-01,9.987420605768393411e-01,9.982838586100512002e-01,9.876778810621905658e-01,9.704441579857266964e-01,9.753689666501813571e-01,9.918467854529041672e-01,9.983400702984420727e-01,9.939836141529644342e-01,8.331251215647079711e-01,8.057567957739183440e-01,7.680162141120404629e-01,7.390245469060109373e-01,6.013347482921500564e-01,3.960698180707801774e-01,2.209870039335001257e-01,6.701200557513400935e-02,6.442759014614112163e-03,6.347155618772469185e-03
9.744018949288977272e-01,9.868028440446562355e-01,9.606305777877657270e-01,9.343572755273865660e-01,9.230549654640372026e-01,9.261434266117141156e-01,9.469111201981110781e-01,9.784743329655791744e-01,9.972923072494473962e-01,9.988643598523126999e-01,9.860543408638178242e-01,9.653270826609141597e-01,9.426671119817604527e-01,9.173242103754261079e-01,9.096649838509308639e-01,9.077516653344740449e-01,9.285827984296098903e-01,9.497032928383970507e-01,9.699482951006759279e-01,9.915414348550910528e-01,9.996984395060125594e-01,9.785911182988467072e-01,9.554051150948027482e-01,9.428644026064273431e-01,9.423844890517508732e-01,9.545739791271571351e-01,9.967838019437429420e-01,1.000000000000000000e+00,9.969674327507522804e-01,9.816531185166148532e-01,9.653742882020907023e-01,9.311521284386629072e-01,9.225989589507327393e-01,9.191808815066145888e-01,9.279483695309913571e-01,9.435273480291591630e-01,9.823289635491656568e-01,9.985926981470713004e-01,9.984264911170838142e-01,9.840720195646419644e-01,9.563316776636775485e-01,9.266666631195705772e-01,9.326702369777757351e-01,9.635247092575962569e-01,9.852646953135578700e-01,9.982062753201979000e-01,9.157010635308544533e-01,8.943774982716025113e-01,8.618085499337259092e-01,8.304741199957398345e-01,7.042796921999326942e-01,5.000126261241447656e-01,3.078214669471312503e-01,1.102198785804664877e-01,1.388414845889561836e-02,1.370521811191505700e-02
9.960748853740353237e-01,9.531497523339741429e-01,9.059435093675677342e-01,8.692781213312724686e-01,8.572767918735385573e-01,8.580988277348076121e-01,8.816947258515073216e-01,9.322215543348308930e-01,9.771162701130454709e-01,9.975761328912762238e-01,9.990615949601698853e-01,9.907608243969431294e-01,9.761452481269036197e-01,9.574505750187176645e-01,9.434660976193341986e-01,9.402366744108836549e-01,9.632228461920837592e-01,9.788354447199372199e-01,9.933814826637104023e-01,9.997322964064737638e-01,9.961857129313984593e-01,9.346689743087116531e-01,8.957117254538972118e-01,8.807383847741683258e-01,8.797503691172074980e-01,8.927319067311210166e-01,9.733740970381461466e-01,9.969674327507522804e-01,1.000000000000000000e+00,9.974122743384186141e-01,9.881168148876692259e-01,9.618795377635604993e-01,9.527747661483820796e-01,9.505712146286741104e-01,9.617073160077584948e-01,9.749622025729691721e-01,9.987856074620076186e-01,9.985610279424418367e-01,9.845653321773966127e-01,9.452985632566474061e-01,8.975134311621540961e-01,8.633129685717569890e-01,8.673126235804909934e-01,9.076126023830806133e-01,9.484961511261117417e-01,9.853819517119648541e-01,9.635117892431449560e-01,9.431833574575922974e-01,9.166848905834591443e-01,8.825307572473477524e-01,7.657807560320611939e-01,5.737578327270824730e-01,3.843395123834879024e-01,1.569268086075837620e-01,2.793217432839823280e-02,2.763384801423110493e-02
