9.988380173631353776e-01,1.000000000000000000e+00,9.999990721485469969e-01,9.999743337457166481e-01,9.999345259051624080e-01,9.999478034571800400e-01,9.999922177501683329e-01,9.999999886594400644e-01,9.999995545288191678e-01,9.999164275232369503e-01,9.992291302724605195e-01,9.975260020047067577e-01,9.952877637914312459e-01,9.922373023928801050e-01,9.910178784516717743e-01,9.904423709204822623e-01,9.931673560470017925e-01,9.954660113016958745e-01,9.975199108307754026e-01,9.992433643153968426e-01,9.999505786330239454e-01,9.999996096964693937e-01,9.999662370837814063e-01,9.998542125653926416e-01,9.998400518588935748e-01,9.999344739496827117e-01,9.999994034393840936e-01,9.999467989176312743e-01,9.993061961273357330e-01,9.977151576768767960e-01,9.956426723621208952e-01,9.917335590031804982e-01,9.903511105931958047e-01,9.899661121510541228e-01,9.916620095153531045e-01,9.940440375969750164e-01,9.984284156980310909e-01,9.997898687177437793e-01,9.999971518364586531e-01,9.999999220611864859e-01,9.999873980881948121e-01,9.998646465039344733e-01,9.999210345212075080e-01,9.999922728742491884e-01,9.999999684940619193e-01,9.999650928161121222e-01,9.897213906427260177e-01,9.851776640054719092e-01,9.819058409680836430e-01,9.716820380952901903e-01,9.313444879226947526e-01,7.877791845950905536e-01,5.316547198265355600e-01,1.203325176825611742e-01,6.006137884965231238e-04
9.958213130102184785e-01,9.999990721485469969e-01,1.000000000000000000e+00,9.999999691924351675e-01,9.999995307917246556e-01,9.999997239873286148e-01,9.999999985142550285e-01,9.999999053034757113e-01,9.999630813751863023e-01,9.993583671635178911e-01,9.970062794782704740e-01,9.929073986104980376e-01,9.884441032425592688e-01,9.826814355624962083e-01,9.811986429270451726e-01,9.801770241668745776e-01,9.845341332549403246e-01,9.888150798460187962e-01,9.928309488400635097e-01,9.967748068895997404e-01,9.994948910514789286e-01,9.999998943002758045e-01,9.999998076431078076e-01,9.999962125387513723e-01,9.999957515281145959e-01,9.999992080755902846e-01,9.999664051880410298e-01,9.995138102513633216e-01,9.970630746720895443e-01,9.933077310487168354e-01,9.891662080175408489e-01,9.821197718799268284e-01,9.798019171592009524e-01,9.790803660344717940e-01,9.818046551153070123e-01,9.859378025150303815e-01,9.946462422767069489e-01,9.986799076391230656e-01,9.998882465989040735e-01,9.999990140056801424e-01,9.999999576113113298e-01,9.999970898387200435e-01,9.999991648008156320e-01,9.999999656722886598e-01,9.999985231548195186e-01,9.996430204516644213e-01,9.769893433180850684e-01,9.695770246039441265e-01,9.648938288390255247e-01,9.495868206938813394e-01,8.915231153822706922e-01,7.058565342851518265e-01,4.180450698270259391e-01,6.407018277972655051e-02,1.009739267858681934e-04
9.921810908242896243e-01,9.999743337457166481e-01,9.999999691924351675e-01,1.000000000000000000e+00,9.999999999220527958e-01,9.999999999345011714e-01,9.999999954731852991e-01,9.999942057695235809e-01,9.998114269881238636e-01,9.983102640900978209e-01,9.942450644143474570e-01,9.877124973904342076e-01,9.811773806693123712e-01,9.730181847253187577e-01,9.712759138563301642e-01,9.698823385089254678e-01,9.756115199109804959e-01,9.816465869681467726e-01,9.875683040133709234e-01,9.935403608998003566e-01,9.985325915113791861e-01,9.999943550002539094e-01,9.999998974574867416e-01,9.999998176594254717e-01,9.999998049401437328e-01,9.999997333333505711e-01,9.998206055669578429e-01,9.986113276959077689e-01,9.941013623674129773e-01,9.884388312571252833e-01,9.822442356229109661e-01,9.724789797235684485e-01,9.693144396720709821e-01,9.683040702833440871e-01,9.719072496323077903e-01,9.774570588798674464e-01,9.904380103890877418e-01,9.968773948490176062e-01,9.995508483524427890e-01,9.999781982207935904e-01,9.999998059232247938e-01,9.999999563293503479e-01,9.999999852598961958e-01,9.999995816933946458e-01,9.999739865625120183e-01,9.989003199782535702e-01,9.644421749247495956e-01,9.538127453985586479e-01,9.477492947163346226e-01,9.283170262909669068e-01,8.553176687184366189e-01,6.385840231398981492e-01,3.415781894695280596e-01,3.886458815122548205e-02,2.833106794764934179e-05
9.906439177867154555e-01,9.999345259051624080e-01,9.999995307917246556e-01,9.999999999220527958e-01,1.000000000000000000e+00,9.999999999960282882e-01,9.999999507908021723e-01,9.999846960196090428e-01,9.997038130008500945e-01,9.977778264460610558e-01,9.933777492027877631e-01,9.862148295457624503e-01,9.790473316178837093e-01,9.702898436248191816e-01,9.684564435311096009e-01,9.669177366366203952e-01,9.727921154070938714e-01,9.792924910100609948e-01,9.858831212267873401e-01,9.922459618561387806e-01,9.979629328243516673e-01,9.999831718036117367e-01,9.999995798497082200e-01,9.999998659885258601e-01,9.999998637023660431e-01,9.999993096675724447e-01,9.997004295796871887e-01,9.980694094270431416e-01,9.928769369007183210e-01,9.867965084767147399e-01,9.797771135069701653e-01,9.691324243163670360e-01,9.657576004339083475e-01,9.646190689917226724e-01,9.683813638870536478e-01,9.742524109301557989e-01,9.888708405951869285e-01,9.958860544545135030e-01,9.993058318477572310e-01,9.999478455593152626e-01,9.999989824878661171e-01,9.999999866677220517e-01,9.999999835849365803e-01,9.999983095740929695e-01,9.999440510173748242e-01,9.984662640158377123e-01,9.606480607979893671e-01,9.487931171731786018e-01,9.420000242919578382e-01,9.215256439273080691e-01,8.456450385027625138e-01,6.220557507653807772e-01,3.203890062909505732e-01,3.273063565349002696e-02,1.811009995840089868e-05
9.905073063817186885e-01,9.999478034571800400e-01,9.999997239873286148e-01,9.999999999345011714e-01,9.999999999960282882e-01,1.000000000000000000e+00,9.999999926219026447e-01,9.999910243580185654e-01,9.997606268899046356e-01,9.979916182906928279e-01,9.935619746809172259e-01,9.867627977776649573e-01,9.801370038247271266e-01,9.718817616765296208e-01,9.697433167840421309e-01,9.680550193421935123e-01,9.735750823136256615e-01,9.798971416315775951e-01,9.860693872136819804e-01,9.923865754905406567e-01,9.981278635040559122e-01,9.999883771257980225e-01,9.999997583294970571e-01,9.999998447190158180e-01,9.999998454868721520e-01,9.999995634917677734e-01,9.997528178942628463e-01,9.982269955253550986e-01,9.929650145628597935e-01,9.867698252230820977e-01,9.799948214444179628e-01,9.692877108218276305e-01,9.659772533167454434e-01,9.648217710272424252e-01,9.685747697851700977e-01,9.744549538715695514e-01,9.887489107538413036e-01,9.960544152915845606e-01,9.993727709506919910e-01,9.999593969740389054e-01,9.999993982693956562e-01,9.999999743645816563e-01,9.999999856448428259e-01,9.999990551620561163e-01,9.999573149511593595e-01,9.986232002002574104e-01,9.611337077753746572e-01,9.498639286243916180e-01,9.437650152506618095e-01,9.236726495860503316e-01,8.504838701216892449e-01,6.322679434409046451e-01,3.311383973227993716e-01,3.545611395407322758e-02,2.086186568046283926e-05
9.928965068056986309e-01,9.999922177501683329e-01,9.999999985142550285e-01,9.999999954731852991e-01,9.999999507908021723e-01,9.999999926219026447e-01,1.000000000000000000e+00,9.999996658808565364e-01,9.999270522674457151e-01,9.989362638751208001e-01,9.955056820408002549e-01,9.901171924930687318e-01,9.848020005702049495e-01,9.781143336818007850e-01,9.764685290277499430e-01,9.750915968438503834e-01,9.795969830740416384e-01,9.846440252904526957e-01,9.895190317129703983e-01,9.948043375265340771e-01,9.990375483058897554e-01,9.999993481276125973e-01,9.999999368037429948e-01,9.999989121346108956e-01,9.999988204446043083e-01,9.999997723356187640e-01,9.999255944584369837e-01,9.991033900617269925e-01,9.952325395445880130e-01,9.899491254221250980e-01,9.845270274837940594e-01,9.757700226055964210e-01,9.730646698170286601e-01,9.720515578895133624e-01,9.751355805802760512e-01,9.799892959011829996e-01,9.914740846133018870e-01,9.975971617268944991e-01,9.997371687434488674e-01,9.999948166222556445e-01,9.999999583711302042e-01,9.999992578768048812e-01,9.999998541151523535e-01,9.999999709017809435e-01,9.999945056887526995e-01,9.993724431576422873e-01,9.697766521688275798e-01,9.608712546984865543e-01,9.555583303590330368e-01,9.389777726570078809e-01,8.754596684353677105e-01,6.778758458497584627e-01,3.831570811686776934e-01,5.129112031615919165e-02,5.651890446641054345e-05
9.971536406338424863e-01,9.999999886594400644e-01,9.999999053034757113e-01,9.999942057695235809e-01,9.999846960196090428e-01,9.999910243580185654e-01,9.999996658808565364e-01,1.000000000000000000e+00,9.999982219500235248e-01,9.998174819064912233e-01,9.985567884789714466e-01,9.957358499962041254e-01,9.926359677837475193e-01,9.885561213381576229e-01,9.874090668234922763e-01,9.866091520088881017e-01,9.896535827141414998e-01,9.926698298299810874e-01,9.954633709966294042e-01,9.983523178631156236e-01,9.998454352652214050e-01,9.999999668345209702e-01,9.999941221161147142e-01,9.999581560513458589e-01,9.999546668327672361e-01,9.999868805136740146e-01,9.999979482691019328e-01,9.998572672057567390e-01,9.985162131897695748e-01,9.956731496844650753e-01,9.925922976447332235e-01,9.872048755913099827e-01,9.854676797530012022e-01,9.848276265920128392e-01,9.868641816339416284e-01,9.899686896160658778e-01,9.966718239977203631e-01,9.994227561860429265e-01,9.999808571578940875e-01,9.999999523144919022e-01,9.999978697611097145e-01,9.999595817998404579e-01,9.999812094015592123e-01,9.999993576794884431e-01,9.999999808695728687e-01,9.999175569614804360e-01,9.849442801497891864e-01,9.790798782006427947e-01,9.750274216754237777e-01,9.641251471872792633e-01,9.186407840663410873e-01,7.609130357130614586e-01,4.874818880403902210e-01,9.431570190418946120e-02,2.993906634975246274e-04
9.994963222273360870e-01,9.999995545288191678e-01,9.999630813751863023e-01,9.998114269881238636e-01,9.997038130008500945e-01,9.997606268899046356e-01,9.999270522674457151e-01,9.999982219500235248e-01,1.000000000000000000e+00,9.999966791153073187e-01,9.998312293180868782e-01,9.990860337751957809e-01,9.979349691276625522e-01,9.960887239861433429e-01,9.954380591433990011e-01,9.951143477687187655e-01,9.966682738245333795e-01,9.979962639284981618e-01,9.990308374426645210e-01,9.998119794281923323e-01,9.999980593094917047e-01,9.999835325067775171e-01,9.997977033864886565e-01,9.994669631905184204e-01,9.994406210217092745e-01,9.996864019688259662e-01,9.999996461571034612e-01,9.999977839291001036e-01,9.998384670926131479e-01,9.990917939571642981e-01,9.979838971985870444e-01,9.954656904928192995e-01,9.946451454821357840e-01,9.943511648129251812e-01,9.953369036504055023e-01,9.968995279994601333e-01,9.994185907060610941e-01,9.999694448573028804e-01,9.999999477344559962e-01,9.999941017205289384e-01,9.998791817904940649e-01,9.995110075541447925e-01,9.996572066344449059e-01,9.999256872903712345e-01,9.999985252327049379e-01,9.999991989732410769e-01,9.955310652541300431e-01,9.929975092320457719e-01,9.905953592112380912e-01,9.845728824430152182e-01,9.580284696050145321e-01,8.527606884196763382e-01,6.327585852570428715e-01,1.944394246535097459e-01,2.394381363218231647e-03
9.999750876253494791e-01,9.999164275232369503e-01,9.993583671635178911e-01,9.983102640900978209e-01,9.977778264460610558e-01,9.979916182906928279e-01,9.989362638751208001e-01,9.998174819064912233e-01,9.999966791153073187e-01,1.000000000000000000e+00,9.999979817759455658e-01,9.999236267037542314e-01,9.996935349102797908e-01,9.990926695977724314e-01,9.986157568078735114e-01,9.984528990213582533e-01,9.992268335835456927e-01,9.996846056875369202e-01,9.999144952499066097e-01,9.999983162709148443e-01,9.999999616504223754e-01,9.995754591910679387e-01,9.982244387258347729e-01,9.967332943833655534e-01,9.966208401649414572e-01,9.975521732827921095e-01,9.999160278137335656e-01,9.999996107909507881e-01,9.999982246701101252e-01,9.999175857347344376e-01,9.996924832512974479e-01,9.986816361969805822e-01,9.982778085427486126e-01,9.981617101839972417e-01,9.987119389263079405e-01,9.993915614548765092e-01,9.999756078934081138e-01,9.999999341850706047e-01,9.999920932663401985e-01,9.997479796346679937e-01,9.986862316357569824e-01,9.969724571466420660e-01,9.974810418321879979e-01,9.989850843485759135e-01,9.998685988397575386e-01,9.999968648275865402e-01,9.991208587209172709e-01,9.982832154031502370e-01,9.973194643786525981e-01,9.941482440813146360e-01,9.796477767667529646e-01,9.128605372690045128e-01,7.558574371922831547e-01,3.330408295480399294e-01,1.274432204374996609e-02
9.999999625175607365e-01,9.992291302724605195e-01,9.970062794782704740e-01,9.942450644143474570e-01,9.933777492027877631e-01,9.935619746809172259e-01,9.955056820408002549e-01,9.985567884789714466e-01,9.998312293180868782e-01,9.999979817759455658e-01,1.000000000000000000e+00,9.999988143214373348e-01,9.999616007839788878e-01,9.998018959093979419e-01,9.995485744370794512e-01,9.994487741800294200e-01,9.998146918841910313e-01,9.999575264169991984e-01,9.999990218274489306e-01,9.999999769857320642e-01,9.999824687773445353e-01,9.976876964329935982e-01,9.935250278662743906e-01,9.906127972776920254e-01,9.903458635363708851e-01,9.916867905336985700e-01,9.990873973144379638e-01,9.999405481604337620e-01,9.999997342970282643e-01,9.999987244534153108e-01,9.999590885563913734e-01,9.996120579943560402e-01,9.993982987349465663e-01,9.993635479188618387e-01,9.996322159324201317e-01,9.998740200210435303e-01,9.999999398137082718e-01,9.999941930366155196e-01,9.998030089868110704e-01,9.983064132168534277e-01,9.948194309614688535e-01,9.918377449716034855e-01,9.924211619794872652e-01,9.957026026419302234e-01,9.989141431931569670e-01,9.998680606494255718e-01,9.998589808754054786e-01,9.996050626614717549e-01,9.990933203658204365e-01,9.974207384686555322e-01,9.884882868304353254e-01,9.426354137868975247e-01,8.232446033162035270e-01,4.553676576191663661e-01,4.609815818237383150e-02
9.999996701717253078e-01,9.975260020047067577e-01,9.929073986104980376e-01,9.877124973904342076e-01,9.862148295457624503e-01,9.867627977776649573e-01,9.901171924930687318e-01,9.957358499962041254e-01,9.990860337751957809e-01,9.999236267037542314e-01,9.999988143214373348e-01,1.000000000000000000e+00,9.999996567294237027e-01,9.999776263044020119e-01,9.998817406118643003e-01,9.998331116315176681e-01,9.999766665076169625e-01,9.999995907899629222e-01,9.999999933818131126e-01,9.999932693419044671e-01,9.998501299155115873e-01,9.945074364615956730e-01,9.872224631855404109e-01,9.827140966966981805e-01,9.822861006159943065e-01,9.844254573722072132e-01,9.971958732704144790e-01,9.996246920157356719e-01,9.999740285042509891e-01,9.999998709645721018e-01,9.999993741236847811e-01,9.998930084792861939e-01,9.998048887050829947e-01,9.997988240321951103e-01,9.999134162979510521e-01,9.999926140941195474e-01,9.999978086688405821e-01,9.999176521452822763e-01,9.991649725843844143e-01,9.956184221519170929e-01,9.894268011379843131e-01,9.845122123258082114e-01,9.854133134230241842e-01,9.909202987980079147e-01,9.968561003971735390e-01,9.992992996470456690e-01,9.997057681782069993e-01,9.999305774028011129e-01,9.997949011621853899e-01,9.986848860385052484e-01,9.932743783977480145e-01,9.602875600520798249e-01,8.809883075382385353e-01,5.883860700762186813e-01,4.524135227998526965e-02
9.999793369334453175e-01,9.952877637914312459e-01,9.884441032425592688e-01,9.811773806693123712e-01,9.790473316178837093e-01,9.801370038247271266e-01,9.848020005702049495e-01,9.926359677837475193e-01,9.979349691276625522e-01,9.996935349102797908e-01,9.999616007839788878e-01,9.999996567294237027e-01,1.000000000000000000e+00,9.999998846206307190e-01,9.999927322841720700e-01,9.999848216230179387e-01,9.999998506118453756e-01,9.999999946463022926e-01,9.999964656036692823e-01,9.999310600992453724e-01,9.995003961397568304e-01,9.906734165720489926e-01,9.805066292444268861e-01,9.745292641099487785e-01,9.740492364933440728e-01,9.768778769851597099e-01,9.947085625963530964e-01,9.989497249145067315e-01,9.998242949628570742e-01,9.999855579231778924e-01,9.999998460942173262e-01,9.999910330915853240e-01,9.999748469861219347e-01,9.999751142282008454e-01,9.999959938028712969e-01,9.999999128361652945e-01,9.999522541247476415e-01,9.996925340208254740e-01,9.980563693240631640e-01,9.922137017781492707e-01,9.834478525785655956e-01,9.767262157395421029e-01,9.780303187462623393e-01,9.856653538458772790e-01,9.943026118721711715e-01,9.982675701805500124e-01,9.988967095833293230e-01,9.998897607920652630e-01,9.999596479021700679e-01,9.996704711202938354e-01,9.974684270486847693e-01,9.801514804338605780e-01,9.320630728138161736e-01,6.090921331379806070e-01,1.945670658693077898e-02
9.998517175079825181e-01,9.922373023928801050e-01,9.826814355624962083e-01,9.730181847253187577e-01,9.702898436248191816e-01,9.718817616765296208e-01,9.781143336818007850e-01,9.885561213381576229e-01,9.960887239861433429e-01,9.990926695977724314e-01,9.998018959093979419e-01,9.999776263044020119e-01,9.999998846206307190e-01,1.000000000000000000e+00,9.999999699161449263e-01,9.999998185594409783e-01,9.999999976346882757e-01,9.999981232526158337e-01,9.999431651590858783e-01,9.997386643796380978e-01,9.987885220578227585e-01,9.863140322748685795e-01,9.729857434675989181e-01,9.654882710022250070e-01,9.648276688723210759e-01,9.683479554667709932e-01,9.914360553373187113e-01,9.977577444568798137e-01,9.994302465587472373e-01,9.998615208723187209e-01,9.999887091647321480e-01,9.999998016286603120e-01,9.999990190047717276e-01,9.999991497643844207e-01,9.999999192267254866e-01,9.999987207423969293e-01,9.997839819500727865e-01,9.991766730732517532e-01,9.963993803786851400e-01,9.881785645280397601e-01,9.765619906688733920e-01,9.678843291142262828e-01,9.695370495239733488e-01,9.792242226670353489e-01,9.909858299999934061e-01,9.963955370371436748e-01,9.971404735499780347e-01,9.993792476598071239e-01,9.998629222307153785e-01,9.999057043686951918e-01,9.989849996878066296e-01,9.888893561652393194e-01,9.287240192558633423e-01,4.975066125327392563e-01,7.033163098224005580e-03
9.996565444228914243e-01,9.910178784516717743e-01,9.811986429270451726e-01,9.712759138563301642e-01,9.684564435311096009e-01,9.697433167840421309e-01,9.764685290277499430e-01,9.874090668234922763e-01,9.954380591433990011e-01,9.986157568078735114e-01,9.995485744370794512e-01,9.998817406118643003e-01,9.999927322841720700e-01,9.999999699161449263e-01,1.000000000000000000e+00,9.999999999926171279e-01,9.999998913144542145e-01,9.999844657738835574e-01,9.998374703966704802e-01,9.994952106213993437e-01,9.984349842996674829e-01,9.858733836291513342e-01,9.725639684180120703e-01,9.649062776236388972e-01,9.644387679840148442e-01,9.679326652301643019e-01,9.910183137662939012e-01,9.973014663240855615e-01,9.989796351100679317e-01,9.996620192783862713e-01,9.999402336103694333e-01,9.999999678968585215e-01,9.999999765418688957e-01,9.999999760501795398e-01,9.999998209958911310e-01,9.999871307089326367e-01,9.995477652491805420e-01,9.987613892372136926e-01,9.957812519825841591e-01,9.872439424080623471e-01,9.754860244437709715e-01,9.668937894763269814e-01,9.686071691863054056e-01,9.785777285901473554e-01,9.903123417748630475e-01,9.958627850967783912e-01,9.958608268521360607e-01,9.988248804367956257e-01,9.996030133984749044e-01,9.999405036030231120e-01,9.993997461920538505e-01,9.912512662420525089e-01,9.089708539525731545e-01,4.383198538792122401e-01,4.518957354975241571e-03
9.995787151688332317e-01,9.904423709204822623e-01,9.801770241668745776e-01,9.698823385089254678e-01,9.669177366366203952e-01,9.680550193421935123e-01,9.750915968438503834e-01,9.866091520088881017e-01,9.951143477687187655e-01,9.984528990213582533e-01,9.994487741800294200e-01,9.998331116315176681e-01,9.999848216230179387e-01,9.999998185594409783e-01,9.999999999926171279e-01,1.000000000000000000e+00,9.999997413455118389e-01,9.999782935332131029e-01,9.998095534500253123e-01,9.994348151921330636e-01,9.983671169146330904e-01,9.856362269612791716e-01,9.721709539084548712e-01,9.641315814251473215e-01,9.636804797680621482e-01,9.672128236509107690e-01,9.907956075284785058e-01,9.971802791353341355e-01,9.988559251303168462e-01,9.996034780752731663e-01,9.999185983607585815e-01,9.999999505153713830e-01,9.999999858824178967e-01,9.999999830654247024e-01,9.999996503946657622e-01,9.999805648923101309e-01,9.994764100793445127e-01,9.986552600268250313e-01,9.955862232934056255e-01,9.867822334424249942e-01,9.746775775712712697e-01,9.658752360559800243e-01,9.676452868130961393e-01,9.777895047373585946e-01,9.898079507789113718e-01,9.955292046595655142e-01,9.953535496596674914e-01,9.985998219637336470e-01,9.994804619687592817e-01,9.999282223473183739e-01,9.993785854738482799e-01,9.908810196224409061e-01,9.030003269444357716e-01,4.315329568786180903e-01,4.611911518608241209e-03
9.998780158881458435e-01,9.931673560470017925e-01,9.845341332549403246e-01,9.756115199109804959e-01,9.727921154070938714e-01,9.735750823136256615e-01,9.795969830740416384e-01,9.896535827141414998e-01,9.966682738245333795e-01,9.992268335835456927e-01,9.998146918841910313e-01,9.999766665076169625e-01,9.999998506118453756e-01,9.999999976346882757e-01,9.999998913144542145e-01,9.999997413455118389e-01,1.000000000000000000e+00,9.999997578623115446e-01,9.999721753361139331e-01,9.998301208484644542e-01,9.991952649672677378e-01,9.891935735633816673e-01,9.777010895291126102e-01,9.704838032416183147e-01,9.700110344779715454e-01,9.730932667366164468e-01,9.932841874457623010e-01,9.983463822983253966e-01,9.995768495133107168e-01,9.999107138312077758e-01,9.999959000828161360e-01,9.999998249521282467e-01,9.999990123563912148e-01,9.999991429958463574e-01,9.999999735915350296e-01,9.999998030459893439e-01,9.998482520521406736e-01,9.994201268983426978e-01,9.972919528545002299e-01,9.904257061697988584e-01,9.802703929097260627e-01,9.725835647530142181e-01,9.739631416174902023e-01,9.821883768859644981e-01,9.925244730466886711e-01,9.971422904662203823e-01,9.975575400053228181e-01,9.995629400872482195e-01,9.999106513686873976e-01,9.998987155656442471e-01,9.989074505749334643e-01,9.886898127006369386e-01,9.393197193073796747e-01,5.504839188275552075e-01,1.182463036469019388e-02
9.999838850169145976e-01,9.954660113016958745e-01,9.888150798460187962e-01,9.816465869681467726e-01,9.792924910100609948e-01,9.798971416315775951e-01,9.846440252904526957e-01,9.926698298299810874e-01,9.979962639284981618e-01,9.996846056875369202e-01,9.999575264169991984e-01,9.999995907899629222e-01,9.999999946463022926e-01,9.999981232526158337e-01,9.999844657738835574e-01,9.999782935332131029e-01,9.999997578623115446e-01,1.000000000000000000e+00,9.999994275037979996e-01,9.999590818583730112e-01,9.996776540731915350e-01,9.925862900182185200e-01,9.835353546377227918e-01,9.774970631602966087e-01,9.771186902423694143e-01,9.796736407242934153e-01,9.956637544107189708e-01,9.991975304288995829e-01,9.998620663606019310e-01,9.999942058897437480e-01,9.999999815797760983e-01,9.999878270774354982e-01,9.999713799617786503e-01,9.999717075579578340e-01,9.999940730029207581e-01,9.999999669520288625e-01,9.999721278126831869e-01,9.997806392187287283e-01,9.985111549648509888e-01,9.935471675417729687e-01,9.856181569716551127e-01,9.793542496330146507e-01,9.803309577239862627e-01,9.868168264757528618e-01,9.948377992255968971e-01,9.983991131549025955e-01,9.989507880919327176e-01,9.999119350814735796e-01,9.999420413435924360e-01,9.994790906442613254e-01,9.966227749614915421e-01,9.755928397071746971e-01,9.261484386536489311e-01,6.395725044619291477e-01,2.674579049438558301e-02
9.999998661639017961e-01,9.975199108307754026e-01,9.928309488400635097e-01,9.875683040133709234e-01,9.858831212267873401e-01,9.860693872136819804e-01,9.895190317129703983e-01,9.954633709966294042e-01,9.990308374426645210e-01,9.999144952499066097e-01,9.999990218274489306e-01,9.999999933818131126e-01,9.999964656036692823e-01,9.999431651590858783e-01,9.998374703966704802e-01,9.998095534500253123e-01,9.999721753361139331e-01,9.999994275037979996e-01,1.000000000000000000e+00,9.999984493124217666e-01,9.999159277763315368e-01,9.957093221079033052e-01,9.892879335142933384e-01,9.847292851437260408e-01,9.843457980891315851e-01,9.861831279212591728e-01,9.976754213648746372e-01,9.997193900187114624e-01,9.999867074292104752e-01,9.999999818418643383e-01,9.999989000047470045e-01,9.998920370752173437e-01,9.998148194495906083e-01,9.998098042755338977e-01,9.999114494005603149e-01,9.999912926851364237e-01,9.999996348080216757e-01,9.999517488018510036e-01,9.993812681466911485e-01,9.964088134697031141e-01,9.908296896227025696e-01,9.862043395166221194e-01,9.867882485406378468e-01,9.914189922832442603e-01,9.970685345301674163e-01,9.993077742822972231e-01,9.997375725867915230e-01,9.998738783150019627e-01,9.996250255985910105e-01,9.981910456154512445e-01,9.914878919778432609e-01,9.530748784142734076e-01,8.668224932655959059e-01,5.693170756435331770e-01,5.645498011895933727e-02
9.999993384886790571e-01,9.992433643153968426e-01,9.967748068895997404e-01,9.935403608998003566e-01,9.922459618561387806e-01,9.923865754905406567e-01,9.948043375265340771e-01,9.983523178631156236e-01,9.998119794281923323e-01,9.999983162709148443e-01,9.999999769857320642e-01,9.999932693419044671e-01,9.999310600992453724e-01,9.997386643796380978e-01,9.994952106213993437e-01,9.994348151921330636e-01,9.998301208484644542e-01,9.999590818583730112e-01,9.999984493124217666e-01,1.000000000000000000e+00,9.999974480556913514e-01,9.984739137228857420e-01,9.950489735310334982e-01,9.919633147701246711e-01,9.916991195238114010e-01,9.931213892578605318e-01,9.994096582283046315e-01,9.999782487961970112e-01,9.999999783910942242e-01,9.999970642660789277e-01,9.999560214479664699e-01,9.996429507936948067e-01,9.994512128181990418e-01,9.994268030607988962e-01,9.996823827750146441e-01,9.998962977324402646e-01,9.999999532107485267e-01,9.999994740368776114e-01,9.999070248625376856e-01,9.988359403743733989e-01,9.958196109359789272e-01,9.924863033159886383e-01,9.930086072376832496e-01,9.960190620927030780e-01,9.990555767725723957e-01,9.998923009275686447e-01,9.996900880306026638e-01,9.992029562731731263e-01,9.985190640628545111e-01,9.963328276249889814e-01,9.849429887183774879e-01,9.293632615495786009e-01,8.012453767249150260e-01,4.154692400508139816e-01,3.332548256956432281e-02
9.999334160705020125e-01,9.999505786330239454e-01,9.994948910514789286e-01,9.985325915113791861e-01,9.979629328243516673e-01,9.981278635040559122e-01,9.990375483058897554e-01,9.998454352652214050e-01,9.999980593094917047e-01,9.999999616504223754e-01,9.999824687773445353e-01,9.998501299155115873e-01,9.995003961397568304e-01,9.987885220578227585e-01,9.984349842996674829e-01,9.983671169146330904e-01,9.991952649672677378e-01,9.996776540731915350e-01,9.999159277763315368e-01,9.999974480556913514e-01,1.000000000000000000e+00,9.998600361033012085e-01,9.991071902115291614e-01,9.980155816411074854e-01,9.979336619426705246e-01,9.985749780018835509e-01,9.999780922973497965e-01,9.999999725787043214e-01,9.999955975639053252e-01,9.999066349424915456e-01,9.996825135437592547e-01,9.987965970957149997e-01,9.984513897598986665e-01,9.983698560973519598e-01,9.988194481325011198e-01,9.994252307287926351e-01,9.999682970344426769e-01,9.999999589651253906e-01,9.999995114640306548e-01,9.999147024521760629e-01,9.993235147812908892e-01,9.980620111386092619e-01,9.983897468293135846e-01,9.993603172283117564e-01,9.999356588585296413e-01,9.999985685131486113e-01,9.984281705318530653e-01,9.972259780998804501e-01,9.957393180520104359e-01,9.918487659021172353e-01,9.734696700829055249e-01,8.926568477265394153e-01,7.209173890495028658e-01,3.011089858600135560e-01,9.805767705353095331e-03
9.959777148096730093e-01,9.999996096964693937e-01,9.999998943002758045e-01,9.999943550002539094e-01,9.999831718036117367e-01,9.999883771257980225e-01,9.999993481276125973e-01,9.999999668345209702e-01,9.999835325067775171e-01,9.995754591910679387e-01,9.976876964329935982e-01,9.945074364615956730e-01,9.906734165720489926e-01,9.863140322748685795e-01,9.858733836291513342e-01,9.856362269612791716e-01,9.891935735633816673e-01,9.925862900182185200e-01,9.957093221079033052e-01,9.984739137228857420e-01,9.998600361033012085e-01,1.000000000000000000e+00,9.999996436489713147e-01,9.999901117428197095e-01,9.999891010371497746e-01,9.999979750060926653e-01,9.999973637451425867e-01,9.998588284474434484e-01,9.986249285409947163e-01,9.961507509375978620e-01,9.932595993198192197e-01,9.883810391829372932e-01,9.868175177908400375e-01,9.863255569465073647e-01,9.880290108498809287e-01,9.908964878620003525e-01,9.970076017101262567e-01,9.994601708678663154e-01,9.999788667865645575e-01,9.999999900712311929e-01,9.999998372019711645e-01,9.999862591663918332e-01,9.999940406483883715e-01,9.999998634177869050e-01,9.999998605026846343e-01,9.998283366535642980e-01,9.802579147331302867e-01,9.724337013886664716e-01,9.654276267584184223e-01,9.535785203708915247e-01,8.939817652567730866e-01,7.031261723260834318e-01,4.138164398931623023e-01,6.553437633852246536e-02,1.178941846115491446e-04
9.897833569641105722e-01,9.999662370837814063e-01,9.999998076431078076e-01,9.999998974574867416e-01,9.999995798497082200e-01,9.999997583294970571e-01,9.999999368037429948e-01,9.999941221161147142e-01,9.997977033864886565e-01,9.982244387258347729e-01,9.935250278662743906e-01,9.872224631855404109e-01,9.805066292444268861e-01,9.729857434675989181e-01,9.725639684180120703e-01,9.721709539084548712e-01,9.777010895291126102e-01,9.835353546377227918e-01,9.892879335142933384e-01,9.950489735310334982e-01,9.991071902115291614e-01,9.999996436489713147e-01,1.000000000000000000e+00,9.999999859604407071e-01,9.999999823791961839e-01,9.999999993224815142e-01,9.999572003947772014e-01,9.993728389263424328e-01,9.963501242427188487e-01,9.915622763401852335e-01,9.864150925746898446e-01,9.773968631505826066e-01,9.747614445052065202e-01,9.736507432600242096e-01,9.762190430547604825e-01,9.804200380433866213e-01,9.918073645495297797e-01,9.977397635394821274e-01,9.997325617307191159e-01,9.999937414826566284e-01,9.999999704868637318e-01,9.999996924243533813e-01,9.999999146715254916e-01,9.999999718445946595e-01,9.999834757841354893e-01,9.991754301825038764e-01,9.641877216166698794e-01,9.536740069323658142e-01,9.420587692574705629e-01,9.284039166886500771e-01,8.450051440452228668e-01,6.172679700339385178e-01,3.168501944027390382e-01,3.510222819965850422e-02,2.250075983449087040e-05
9.860376905975637429e-01,9.998542125653926416e-01,9.999962125387513723e-01,9.999998176594254717e-01,9.999998659885258601e-01,9.999998447190158180e-01,9.999989121346108956e-01,9.999581560513458589e-01,9.994669631905184204e-01,9.967332943833655534e-01,9.906127972776920254e-01,9.827140966966981805e-01,9.745292641099487785e-01,9.654882710022250070e-01,9.649062776236388972e-01,9.641315814251473215e-01,9.704838032416183147e-01,9.774970631602966087e-01,9.847292851437260408e-01,9.919633147701246711e-01,9.980155816411074854e-01,9.999901117428197095e-01,9.999999859604407071e-01,1.000000000000000000e+00,9.999999999997166711e-01,9.999999992059317444e-01,9.999005624746651888e-01,9.989571530055855186e-01,9.951502014730858603e-01,9.897288370478916075e-01,9.836668777820620768e-01,9.729267594972625943e-01,9.697830924226419347e-01,9.682538975810436321e-01,9.709606253130756981e-01,9.752261616286264090e-01,9.887725545349437262e-01,9.960871437179058541e-01,9.993501725095901289e-01,9.999576090395698724e-01,9.999991400716458090e-01,9.999999326335342609e-01,9.999999287792692426e-01,9.999992371843232641e-01,9.999191411047222422e-01,9.984124215283306514e-01,9.557500462101615746e-01,9.442894820848460880e-01,9.291518417459976309e-01,9.162237578296800189e-01,8.196374825359372673e-01,5.751697608787108562e-01,2.692908440423650296e-01,2.347844199024900352e-02,7.500759558686973662e-06
9.856371808568052950e-01,9.998400518588935748e-01,9.999957515281145959e-01,9.999998049401437328e-01,9.999998637023660431e-01,9.999998454868721520e-01,9.999988204446043083e-01,9.999546668327672361e-01,9.994406210217092745e-01,9.966208401649414572e-01,9.903458635363708851e-01,9.822861006159943065e-01,9.740492364933440728e-01,9.648276688723210759e-01,9.644387679840148442e-01,9.636804797680621482e-01,9.700110344779715454e-01,9.771186902423694143e-01,9.843457980891315851e-01,9.916991195238114010e-01,9.979336619426705246e-01,9.999891010371497746e-01,9.999999823791961839e-01,9.999999999997166711e-01,1.000000000000000000e+00,9.999999994084654009e-01,9.998979168835920861e-01,9.989390354352919443e-01,9.950643062443623732e-01,9.895608765737086143e-01,9.835149772262277157e-01,9.726233244530568811e-01,9.694920501087871401e-01,9.678930251024245868e-01,9.705090666634782481e-01,9.747653469617140187e-01,9.884324235128545411e-01,9.959350500076824542e-01,9.993152655540011864e-01,9.999535979089769766e-01,9.999990365621685973e-01,9.999999359170779201e-01,9.999999306097923091e-01,9.999991559584008316e-01,9.999133048026694892e-01,9.983718049689660479e-01,9.553377767289703559e-01,9.440615443568839416e-01,9.282584356611103260e-01,9.157833869562747031e-01,8.178456031838270412e-01,5.737545470060688713e-01,2.680743551065080110e-01,2.362649700311769685e-02,7.629853041898653477e-06
9.872692798592390684e-01,9.999344739496827117e-01,9.999992080755902846e-01,9.999997333333505711e-01,9.999993096675724447e-01,9.999995634917677734e-01,9.999997723356187640e-01,9.999868805136740146e-01,9.996864019688259662e-01,9.975521732827921095e-01,9.916867905336985700e-01,9.844254573722072132e-01,9.768778769851597099e-01,9.683479554667709932e-01,9.679326652301643019e-01,9.672128236509107690e-01,9.730932667366164468e-01,9.796736407242934153e-01,9.861831279212591728e-01,9.931213892578605318e-01,9.985749780018835509e-01,9.999979750060926653e-01,9.999999993224815142e-01,9.999999992059317444e-01,9.999999994084654009e-01,1.000000000000000000e+00,9.999618750802831135e-01,9.993486892972486269e-01,9.961263557203068331e-01,9.910173682702169140e-01,9.856499619721645900e-01,9.756013930081883778e-01,9.727096240557753237e-01,9.711767023427178014e-01,9.736039541100597328e-01,9.774833704682409641e-01,9.897996190502297287e-01,9.969478415756625189e-01,9.995924079642727333e-01,9.999855531813141019e-01,9.999998460189041261e-01,9.999995297401736982e-01,9.999998332647090926e-01,9.999999327250493897e-01,9.999679186249945673e-01,9.989469820627459029e-01,9.592972915619965013e-01,9.496597012865872767e-01,9.349167304346603924e-01,9.231150271126654649e-01,8.303701236854954537e-01,5.959044664535591007e-01,2.897471310113558518e-01,2.836018372993968223e-02,1.169860684759707782e-05
9.980697460130637522e-01,9.999994034393840936e-01,9.999664051880410298e-01,9.998206055669578429e-01,9.997004295796871887e-01,9.997528178942628463e-01,9.999255944584369837e-01,9.999979482691019328e-01,9.999996461571034612e-01,9.999160278137335656e-01,9.990873973144379638e-01,9.971958732704144790e-01,9.947085625963530964e-01,9.914360553373187113e-01,9.910183137662939012e-01,9.907956075284785058e-01,9.932841874457623010e-01,9.956637544107189708e-01,9.976754213648746372e-01,9.994096582283046315e-01,9.999780922973497965e-01,9.999973637451425867e-01,9.999572003947772014e-01,9.999005624746651888e-01,9.998979168835920861e-01,9.999618750802831135e-01,1.000000000000000000e+00,9.999968718206392326e-01,9.997804856181455868e-01,9.987616960225903506e-01,9.973491373153000605e-01,9.939164450989423916e-01,9.928978333366064168e-01,9.923668740664628451e-01,9.933282921580564029e-01,9.949592018121057313e-01,9.987122023893022504e-01,9.998751037762009242e-01,9.999995223892892415e-01,9.999991106762604609e-01,9.999536608629731038e-01,9.997287106565916348e-01,9.998125259285663979e-01,9.999797970661683522e-01,9.999991680279979311e-01,9.999890226746042110e-01,9.900024460658713998e-01,9.860376456970073589e-01,9.792183099945066527e-01,9.728063211401983823e-01,9.249856522944228665e-01,7.721519964512163492e-01,5.030793120894836434e-01,1.105562985603145421e-01,4.657913071809199825e-04
9.997973170271609034e-01,9.999467989176312743e-01,9.995138102513633216e-01,9.986113276959077689e-01,9.980694094270431416e-01,9.982269955253550986e-01,9.991033900617269925e-01,9.998572672057567390e-01,9.999977839291001036e-01,9.999996107909507881e-01,9.999405481604337620e-01,9.996246920157356719e-01,9.989497249145067315e-01,9.977577444568798137e-01,9.973014663240855615e-01,9.971802791353341355e-01,9.983463822983253966e-01,9.991975304288995829e-01,9.997193900187114624e-01,9.999782487961970112e-01,9.999999725787043214e-01,9.998588284474434484e-01,9.993728389263424328e-01,9.989571530055855186e-01,9.989390354352919443e-01,9.993486892972486269e-01,9.999968718206392326e-01,1.000000000000000000e+00,9.999972193452201230e-01,9.998966430442822739e-01,9.996257312483449731e-01,9.984673205857470535e-01,9.980455294812821121e-01,9.978614788895852072e-01,9.983157616111120181e-01,9.989819091917555571e-01,9.999041829297392603e-01,9.999994021475213657e-01,9.999992524673723127e-01,9.999222900836891581e-01,9.993991999927561709e-01,9.982529799004384863e-01,9.985364743745634986e-01,9.995838954809382892e-01,9.999335720237445546e-01,9.999990283741813091e-01,9.976648738235835978e-01,9.962508412982546968e-01,9.933547350601219517e-01,9.896521814990570931e-01,9.636284912431084537e-01,8.651783464421358705e-01,6.580478956379923750e-01,2.308463844091951933e-01,4.028862373930253322e-03
9.999953374958796548e-01,9.993061961273357330e-01,9.970630746720895443e-01,9.941013623674129773e-01,9.928769369007183210e-01,9.929650145628597935e-01,9.952325395445880130e-01,9.985162131897695748e-01,9.998384670926131479e-01,9.999982246701101252e-01,9.999997342970282643e-01,9.999740285042509891e-01,9.998242949628570742e-01,9.994302465587472373e-01,9.989796351100679317e-01,9.988559251303168462e-01,9.995768495133107168e-01,9.998620663606019310e-01,9.999867074292104752e-01,9.999999783910942242e-01,9.999955975639053252e-01,9.986249285409947163e-01,9.963501242427188487e-01,9.951502014730858603e-01,9.950643062443623732e-01,9.961263557203068331e-01,9.997804856181455868e-01,9.999972193452201230e-01,1.000000000000000000e+00,9.999979761926112154e-01,9.999569224483639829e-01,9.995447497538614279e-01,9.992947741697522090e-01,9.992256770591971815e-01,9.995405462117308293e-01,9.998062029280013752e-01,9.999995549038300791e-01,9.999993749165488888e-01,9.999270654105084644e-01,9.990465126934712226e-01,9.964818618495371316e-01,9.935091811328718991e-01,9.939097865933828047e-01,9.971713576614377184e-01,9.991575042853276800e-01,9.999346327460522099e-01,9.995835951631577565e-01,9.989691028827537567e-01,9.977214086356761547e-01,9.953038736604807868e-01,9.787616958758103003e-01,9.111606901067995645e-01,7.590911362180907673e-01,3.556172026881405102e-01,2.108754462153375475e-02
9.999995640050722834e-01,9.977151576768767960e-01,9.933077310487168354e-01,9.884388312571252833e-01,9.867965084767147399e-01,9.867698252230820977e-01,9.899491254221250980e-01,9.956731496844650753e-01,9.990917939571642981e-01,9.999175857347344376e-01,9.999987244534153108e-01,9.999998709645721018e-01,9.999855579231778924e-01,9.998615208723187209e-01,9.996620192783862713e-01,9.996034780752731663e-01,9.999107138312077758e-01,9.999942058897437480e-01,9.999999818418643383e-01,9.999970642660789277e-01,9.999066349424915456e-01,9.961507509375978620e-01,9.915622763401852335e-01,9.897288370478916075e-01,9.895608765737086143e-01,9.910173682702169140e-01,9.987616960225903506e-01,9.998966430442822739e-01,9.999979761926112154e-01,1.000000000000000000e+00,9.999995842536852919e-01,9.998981073110071449e-01,9.998150828514296151e-01,9.997973431687432466e-01,9.998959929898603161e-01,9.999833526877306422e-01,9.999997248945629025e-01,9.999656004787252916e-01,9.995354122043308420e-01,9.970884664533350428e-01,9.923158446831737978e-01,9.881782110233876537e-01,9.884851417732830603e-01,9.932754018938928509e-01,9.972540501961687509e-01,9.994662765664273918e-01,9.997174215919614193e-01,9.998232946370352314e-01,9.993079801550174279e-01,9.975451753556912049e-01,9.868950428442668787e-01,9.348377428991984095e-01,8.171884324728990734e-01,4.785673876162366280e-01,3.250767581313163124e-02
