0.000000000000000000e+00,4.136910778736064458e+03,6.355153389046522534e+03,7.510716037316365146e+03,7.926208731636402263e+03,7.937414055843981259e+03,7.703611722795469177e+03,7.694647794517409238e+03,8.670158536735012603e+03,1.007311843795192908e+04,1.067683454952784450e+04,1.069526043534629935e+04,1.044343641906420271e+04,1.005593858888021168e+04,9.974899268271998153e+03,9.886030121626161417e+03,9.741492577902918129e+03,9.728514445797902226e+03,9.941985935503429573e+03,1.041245867528027702e+04,1.086378580469558983e+04,1.116780913678731849e+04,1.140835769959433310e+04,1.154957648448030704e+04,1.151723681108659366e+04,1.176609652139064565e+04,1.201890265000086401e+04,1.202329126338110109e+04,1.155372902496714050e+04,1.086305403033555922e+04,1.053633243354726255e+04,1.075694251451647324e+04,1.109369197710567278e+04,1.116318578957189857e+04,1.114045930861664965e+04,1.123388904532186098e+04,1.142164522178312109e+04,1.152088287792928350e+04,1.125258176349971291e+04,1.103082944701552879e+04,1.139964840818872835e+04,1.210691542644584479e+04,1.237680519398658544e+04,1.236454912867174426e+04,1.242414021216081892e+04,1.259463315012332714e+04,1.275438516047052326e+04,1.297790003569933469e+04,1.339658382354783134e+04,1.401116773924737208e+04,1.439620016460647821e+04,1.463052707243963960e+04,1.484636541393009611e+04
4.136910778736064458e+03,0.000000000000000000e+00,4.794064504698235396e+03,6.854662089179557370e+03,7.562034575271224639e+03,7.841019376133113838e+03,7.647368856095592491e+03,7.416286675903159448e+03,8.381071394899021470e+03,1.009785154781261554e+04,1.078919296433758427e+04,1.073191561670792726e+04,1.030338212547404328e+04,9.574826468773941087e+03,9.579837754668847992e+03,9.758804672266947819e+03,9.679221520156110273e+03,9.743653168907652798e+03,9.832701040683503379e+03,1.028206778770554229e+04,1.076506216707072963e+04,1.097585812025426276e+04,1.120138600262958971e+04,1.132878859574819580e+04,1.106279943209640442e+04,1.105807527269769889e+04,1.160912714562383917e+04,1.184196272694157960e+04,1.167296981796207365e+04,1.108016563598722132e+04,1.064359814323235150e+04,1.085024467004884355e+04,1.115313571671122190e+04,1.114986687860499478e+04,1.105226188557569003e+04,1.093987604486411874e+04,1.094117282852642165e+04,1.130768388635153133e+04,1.130424080461725498e+04,1.097407240648134393e+04,1.129799566385643629e+04,1.201312979442150026e+04,1.227020832296375374e+04,1.237297489915799451e+04,1.263560665559070003e+04,1.278136499337905843e+04,1.292936949931175513e+04,1.305211957690229428e+04,1.329132687761909983e+04,1.393694623219154892e+04,1.451190039040478950e+04,1.466893729830660232e+04,1.486660774356760157e+04
6.355153389046522534e+03,4.794064504698235396e+03,0.000000000000000000e+00,5.413540289311748893e+03,6.925119919997844590e+03,7.562521797078017698e+03,7.816646967507600493e+03,7.628066204939867930e+03,7.933217110359092658e+03,9.982882523733736889e+03,1.108373742244785171e+04,1.107523143114133745e+04,1.072110115804420820e+04,9.692786902100529915e+03,9.054729550546555402e+03,9.590794167909947646e+03,9.816282094399637572e+03,1.000922315663366862e+04,1.028310407892454896e+04,1.036208395813594507e+04,1.093816754648618735e+04,1.113546873649357258e+04,1.123842910115792256e+04,1.138925535265845974e+04,1.116195166248017813e+04,1.051287378849696324e+04,1.088637743813216366e+04,1.142831597979811522e+04,1.150173056928412552e+04,1.135945335334567790e+04,1.104297325318522962e+04,1.086086013474045103e+04,1.135778998268260148e+04,1.137979064261116218e+04,1.121784509645226353e+04,1.110612835156506480e+04,1.093055809789302475e+04,1.077089673509453678e+04,1.133012781212148002e+04,1.122013544991449635e+04,1.139538322701246580e+04,1.209519340415448096e+04,1.237194970634857600e+04,1.228195269553665639e+04,1.288212167784114354e+04,1.321502726713555603e+04,1.336908061461286343e+04,1.355115796325231531e+04,1.366851606298495062e+04,1.392856146567503311e+04,1.469281016007176731e+04,1.507432356936494034e+04,1.520401315346080628e+04
7.510716037316365146e+03,6.854662089179557370e+03,5.413540289311748893e+03,0.000000000000000000e+00,5.466797271292884034e+03,6.623746445466992554e+03,7.291409934406648063e+03,7.754378534131719789e+03,8.448881719149863784e+03,9.458944284707875340e+03,1.098553505385043718e+04,1.131222191620336343e+04,1.098549780127765553e+04,1.029176947870088770e+04,9.500962030835451515e+03,9.087580245593266227e+03,9.693621222730500449e+03,1.007364286658292076e+04,1.051697955113365606e+04,1.101786401975774061e+04,1.104296562563599218e+04,1.138007893641142800e+04,1.138603751220642516e+04,1.138692071559885699e+04,1.122458114715910051e+04,1.079126872354516672e+04,1.020482483876118749e+04,1.062529579414247746e+04,1.089029560105026758e+04,1.097031574049855408e+04,1.127317784187555117e+04,1.144835001614578869e+04,1.131510650382595850e+04,1.160883718501975090e+04,1.141105344793015684e+04,1.120537290736025898e+04,1.112971341148239662e+04,1.107754704858564219e+04,1.075793056251981943e+04,1.123741892382241713e+04,1.153722419819679999e+04,1.213339994148863116e+04,1.247777383423007450e+04,1.260071676191788174e+04,1.279349783533337541e+04,1.351918830472200898e+04,1.377738670802448723e+04,1.398098403723913543e+04,1.428279570597705242e+04,1.448549212403879937e+04,1.469902673204990606e+04,1.530080811809076476e+04,1.559822328640095111e+04
7.926208731636402263e+03,7.562034575271224639e+03,6.925119919997844590e+03,5.466797271292884034e+03,0.000000000000000000e+00,5.239498554605830577e+03,6.271267083106548853e+03,7.146320032675570474e+03,8.455318296655821541e+03,9.949095500636798533e+03,1.071241225571833093e+04,1.115130028232019322e+04,1.106884713377328990e+04,1.046231513495359286e+04,9.963054062564315245e+03,9.604822501542403188e+03,9.427920926202656119e+03,9.929659820966810003e+03,1.051767810966303296e+04,1.110560636870811686e+04,1.161091206819811669e+04,1.157982992952606219e+04,1.157290069161335123e+04,1.147543831921533820e+04,1.124419548415228746e+04,1.086452585024261134e+04,1.047703706645594684e+04,1.006562767349179194e+04,1.013956367407890684e+04,1.036969542769895634e+04,1.075325042890898658e+04,1.151951099087152033e+04,1.185026255682134070e+04,1.166968855031641942e+04,1.161667187822044252e+04,1.139393448798978898e+04,1.119585281424163259e+04,1.119452096159166831e+04,1.113734187119573835e+04,1.096035785052832944e+04,1.153203325522501837e+04,1.215599675758574085e+04,1.247398075510074887e+04,1.262049966768162449e+04,1.312724141158427483e+04,1.356200906014567954e+04,1.399949898808102262e+04,1.427982381025314680e+04,1.460435196661574082e+04,1.502486911639073151e+04,1.517125054121698668e+04,1.538140886966085418e+04,1.574056981525583251e+04
7.937414055843981259e+03,7.841019376133113838e+03,7.562521797078017698e+03,6.623746445466992554e+03,5.239498554605830577e+03,0.000000000000000000e+00,4.711353605446136498e+03,6.052551465914816617e+03,7.821384519661946797e+03,9.711735587537459651e+03,1.062224053970214663e+04,1.089681457405670881e+04,1.074110677864015634e+04,1.028443822173168155e+04,9.892377470697067110e+03,9.589900767767157959e+03,9.424311204107483718e+03,9.627252696896690395e+03,1.023812590034501045e+04,1.098746726546639366e+04,1.148576910794204741e+04,1.173491194869662286e+04,1.168481197944468840e+04,1.143304055944921674e+04,1.115418134165749689e+04,1.091215297356521478e+04,1.054238158577224749e+04,1.009062195078628065e+04,9.642833103432958524e+03,9.682813404848189748e+03,1.028144419283252864e+04,1.097100528759571171e+04,1.165066623453020657e+04,1.175042762818635128e+04,1.155419019003746871e+04,1.141453486977517787e+04,1.128978274969574522e+04,1.116716420904409279e+04,1.103190961872027765e+04,1.095840517579724838e+04,1.140398405706639824e+04,1.210481978707773669e+04,1.234279960898750323e+04,1.248840208583720778e+04,1.290503146313670004e+04,1.353958136130101411e+04,1.397190147868511303e+04,1.427863410467771064e+04,1.469197588046697820e+04,1.514229709042607101e+04,1.544393993180170582e+04,1.547777020455028469e+04,1.572493563228418316e+04
7.703611722795469177e+03,7.647368856095592491e+03,7.816646967507600493e+03,7.291409934406648063e+03,6.271267083106548853e+03,4.711353605446136498e+03,0.000000000000000000e+00,4.117889983776658482e+03,6.629976714038560203e+03,8.995124538101494181e+03,1.010551396966533139e+04,1.035795002599985673e+04,1.019529660766857705e+04,9.701163113180047731e+03,9.441930990890179601e+03,9.208989188191439098e+03,9.004272389270096028e+03,9.110330487570654441e+03,9.594071435814119468e+03,1.045441551327861998e+04,1.106639488342814366e+04,1.133337840466079615e+04,1.146839144021860193e+04,1.133524373244778508e+04,1.081682644113711649e+04,1.066633311951118412e+04,1.059680845674181910e+04,1.012738264687825722e+04,9.493981285656594991e+03,9.089245151513785459e+03,9.523751620246450329e+03,1.045697036339442093e+04,1.104447492149594837e+04,1.131279948857103227e+04,1.126261567497541182e+04,1.105464751391920981e+04,1.100327908201005994e+04,1.105376353192684837e+04,1.080576391269627311e+04,1.062491565219788026e+04,1.106663858994670773e+04,1.180488060537590536e+04,1.205044086643991795e+04,1.213170480752756521e+04,1.249313706399072362e+04,1.303927117016370175e+04,1.358212264604987831e+04,1.394570483443835292e+04,1.434659294725016116e+04,1.491670246926731124e+04,1.525841033472121489e+04,1.539009299098242991e+04,1.546981346359797863e+04
7.694647794517409238e+03,7.416286675903159448e+03,7.628066204939867930e+03,7.754378534131719789e+03,7.146320032675570474e+03,6.052551465914816617e+03,4.117889983776658482e+03,0.000000000000000000e+00,4.886322369511522993e+03,8.167062995036642860e+03,9.518464677181569641e+03,9.864577620824502446e+03,9.619488136423149626e+03,8.931311933697012137e+03,8.820361407936587057e+03,8.824601189113931468e+03,8.668586935826820991e+03,8.707807252267150034e+03,8.964738549127447186e+03,9.704326743021272705e+03,1.051319771856355692e+04,1.081663424266450966e+04,1.104734023328973672e+04,1.118512447246725424e+04,1.074893975588494868e+04,1.039267435779656989e+04,1.060253998008287090e+04,1.044198448336367983e+04,9.749613337813705584e+03,9.046470920355894123e+03,8.902602885653839621e+03,9.736488990741590897e+03,1.056715222404675478e+04,1.081089271350423587e+04,1.090748174623999330e+04,1.078568535814062670e+04,1.051282363733659258e+04,1.071436428340847124e+04,1.074048422907614258e+04,1.043399199103171486e+04,1.080044064129149046e+04,1.153009143921110626e+04,1.162541004645682551e+04,1.171035843983622181e+04,1.213722996603970932e+04,1.254814211451658048e+04,1.306344961780203812e+04,1.346167247108820629e+04,1.379108007726706637e+04,1.440525502861517634e+04,1.492745714765975936e+04,1.510380334655359184e+04,1.522498327627417530e+04
8.670158536735012603e+03,8.381071394899021470e+03,7.933217110359092658e+03,8.448881719149863784e+03,8.455318296655821541e+03,7.821384519661946797e+03,6.629976714038560203e+03,4.886322369511522993e+03,0.000000000000000000e+00,7.602389436778679737e+03,9.383016724220029573e+03,9.895233638594629156e+03,9.858094638057953489e+03,9.040418964645778033e+03,8.420034596454950588e+03,8.769648714057560937e+03,8.937226764766674023e+03,9.027732971820723833e+03,9.267279096397818648e+03,9.503997394893513047e+03,1.035259291825710716e+04,1.083920969817952755e+04,1.090200050634700165e+04,1.141133161791819111e+04,1.138181484123855444e+04,1.084843989795039852e+04,1.106767943030657989e+04,1.117021331933748297e+04,1.068552623764972486e+04,9.958814701868996053e+03,9.501980287926640813e+03,9.496507279041916263e+03,1.043887041658952330e+04,1.086317491919750137e+04,1.100209495762811093e+04,1.110183698351019848e+04,1.088979597491757340e+04,1.046449258812163316e+04,1.100055667140435435e+04,1.100421744961809964e+04,1.115082712709959560e+04,1.196969750557902626e+04,1.208099020432420730e+04,1.166595294892548918e+04,1.224648591273778766e+04,1.272265204007444299e+04,1.307623031460199127e+04,1.351277669717538811e+04,1.380207885457144766e+04,1.411890152974360717e+04,1.482558795757447479e+04,1.520703537555225194e+04,1.537352220646520982e+04
1.007311843795192908e+04,1.009785154781261554e+04,9.982882523733736889e+03,9.458944284707875340e+03,9.949095500636798533e+03,9.711735587537459651e+03,8.995124538101494181e+03,8.167062995036642860e+03,7.602389436778679737e+03,0.000000000000000000e+00,9.725579430881321969e+03,9.531518073442317473e+03,1.012462708139586721e+04,9.884629506387434958e+03,9.332491918100718976e+03,8.962011276479906883e+03,9.136120511126642668e+03,9.623136189800876309e+03,9.963771886550055569e+03,1.036164884828646427e+04,1.053668423668660398e+04,1.117602546301428265e+04,1.148056519888778712e+04,1.142407546192892005e+04,1.226581044318192835e+04,1.226568300357847329e+04,1.205060954030599351e+04,1.222234241215503243e+04,1.175898273226902893e+04,1.107097184324162663e+04,1.070038630193172321e+04,1.066061350176926862e+04,1.058466339639559192e+04,1.123775341768027283e+04,1.143403717072041400e+04,1.160090241493299618e+04,1.170097579547794521e+04,1.154126301566730217e+04,1.102515827906483537e+04,1.177255437742349932e+04,1.230467804100916146e+04,1.266994428515680556e+04,1.316139248377971307e+04,1.289926265092541144e+04,1.271429526406153309e+04,1.337365874745775909e+04,1.368043406785322441e+04,1.399860754339347295e+04,1.442127245036949898e+04,1.474071378401798211e+04,1.498477539792301468e+04,1.549852513863225977e+04,1.586917476012912994e+04
1.067683454952784450e+04,1.078919296433758427e+04,1.108373742244785171e+04,1.098553505385043718e+04,1.071241225571833093e+04,1.062224053970214663e+04,1.010551396966533139e+04,9.518464677181569641e+03,9.383016724220029573e+03,9.725579430881321969e+03,0.000000000000000000e+00,9.510113631273094143e+03,8.576542640023164495e+03,9.229201588997817453e+03,9.532500918361365621e+03,9.278939619660817698e+03,9.139133094580891338e+03,9.052447431375283486e+03,9.728794242254165511e+03,1.029025961398359686e+04,1.063621305163830402e+04,1.083602984541911064e+04,1.123403527421295803e+04,1.165007657415136782e+04,1.184851151237279191e+04,1.277456650392608390e+04,1.304398346219446103e+04,1.289845858119960940e+04,1.235310085714156412e+04,1.145788561784998274e+04,1.093257784024791727e+04,1.099005725523467117e+04,1.106269645105485142e+04,1.094177352446492114e+04,1.131120854703731311e+04,1.156287437038064854e+04,1.166589724279373331e+04,1.177451094696294422e+04,1.166859756849725818e+04,1.156661152641370427e+04,1.227750957906220356e+04,1.338718542882361180e+04,1.326038452291543763e+04,1.337068175647013777e+04,1.339468380378973234e+04,1.346266599150399816e+04,1.380590467134064602e+04,1.407151641128353913e+04,1.445193930826045471e+04,1.493549922775708001e+04,1.520214345312462137e+04,1.542482019957079683e+04,1.572557637345169132e+04
1.069526043534629935e+04,1.073191561670792726e+04,1.107523143114133745e+04,1.131222191620336343e+04,1.115130028232019322e+04,1.089681457405670881e+04,1.035795002599985673e+04,9.864577620824502446e+03,9.895233638594629156e+03,9.531518073442317473e+03,9.510113631273094143e+03,0.000000000000000000e+00,8.142043514217433767e+03,7.673729277660390835e+03,8.453895570324164510e+03,8.965639283570682892e+03,8.734696879823159179e+03,8.875745894188265083e+03,8.996073601653948572e+03,9.574134118105706875e+03,1.002498323521201746e+04,1.021700894340082596e+04,1.050425117204065646e+04,1.089367632876551397e+04,1.157071939267824928e+04,1.227626896655634846e+04,1.303840256233294713e+04,1.317692965113680111e+04,1.260698539629331754e+04,1.162916537814742333e+04,1.084581656386133545e+04,1.065154766096793537e+04,1.070691572701825498e+04,1.061959923329352205e+04,1.063965522366420009e+04,1.102770016528419364e+04,1.136559508724969783e+04,1.140755675270939901e+04,1.144129864372088377e+04,1.154406845624208472e+04,1.220483241835482113e+04,1.236250431121103065e+04,1.340106961302102900e+04,1.302549385636046100e+04,1.312504926999773852e+04,1.329690261575039949e+04,1.341977433982874209e+04,1.365862535980314351e+04,1.404680476044703573e+04,1.452154707743620384e+04,1.485684705468081847e+04,1.501104232998392581e+04,1.529327815588643534e+04
1.044343641906420271e+04,1.030338212547404328e+04,1.072110115804420820e+04,1.098549780127765553e+04,1.106884713377328990e+04,1.074110677864015634e+04,1.019529660766857705e+04,9.619488136423149626e+03,9.858094638057953489e+03,1.012462708139586721e+04,8.576542640023164495e+03,8.142043514217433767e+03,0.000000000000000000e+00,6.362178574839843350e+03,7.361789813978312850e+03,7.960569711583459139e+03,8.295814041518811791e+03,8.325280967044485806e+03,8.633133356890157302e+03,9.131913232466135014e+03,9.365260943140167001e+03,9.521431755508259812e+03,9.732392387519728800e+03,1.002960413184518438e+04,1.049183919097048420e+04,1.153539127554857805e+04,1.245667520900415548e+04,1.287857042124717191e+04,1.250665817664952010e+04,1.154894365524094974e+04,1.071633098869773130e+04,1.044475411390906083e+04,1.028333358834402134e+04,1.006072761551623989e+04,9.980529960257452331e+03,1.018841924549295436e+04,1.060872725126132354e+04,1.106610338384893475e+04,1.103458200083345582e+04,1.119731589174304099e+04,1.186874247075709536e+04,1.269794778706432407e+04,1.219172570651301430e+04,1.289441380340788601e+04,1.275799103844271303e+04,1.288320751489134818e+04,1.305882046174019342e+04,1.319904578075714744e+04,1.353947809843938012e+04,1.412282317336361666e+04,1.442819389656656131e+04,1.453395558568819797e+04,1.468792207904928000e+04
1.005593858888021168e+04,9.574826468773941087e+03,9.692786902100529915e+03,1.029176947870088770e+04,1.046231513495359286e+04,1.028443822173168155e+04,9.701163113180047731e+03,8.931311933697012137e+03,9.040418964645778033e+03,9.884629506387434958e+03,9.229201588997817453e+03,7.673729277660390835e+03,6.362178574839843350e+03,0.000000000000000000e+00,4.957342284192341140e+03,6.753226243014638385e+03,7.197184907709070103e+03,7.694756601733733078e+03,7.973633572355402066e+03,8.423409783993236488e+03,8.938297215966580552e+03,8.891272424370190492e+03,9.006314794430836628e+03,9.221641495709494848e+03,9.349580760060718603e+03,1.002761768768314141e+04,1.129529265914131611e+04,1.196776819460559818e+04,1.190994888289417577e+04,1.120326536214486805e+04,1.026955775287034521e+04,9.909095432723093836e+03,9.958816028490275130e+03,9.617713451095332857e+03,9.334255543441777263e+03,9.313664705204000711e+03,9.507458026738728222e+03,1.002263815877718662e+04,1.055563218042858171e+04,1.067058938426505847e+04,1.133294253717897482e+04,1.212339915994077819e+04,1.227529988241103638e+04,1.196004613966871148e+04,1.247804707583582422e+04,1.250988073752769378e+04,1.268259302483966349e+04,1.284943826394122152e+04,1.300943278141111659e+04,1.352471279316089567e+04,1.410905931144052556e+04,1.416819087329564536e+04,1.423731934196307520e+04
9.974899268271998153e+03,9.579837754668847992e+03,9.054729550546555402e+03,9.500962030835451515e+03,9.963054062564315245e+03,9.892377470697067110e+03,9.441930990890179601e+03,8.820361407936587057e+03,8.420034596454950588e+03,9.332491918100718976e+03,9.532500918361365621e+03,8.453895570324164510e+03,7.361789813978312850e+03,4.957342284192341140e+03,0.000000000000000000e+00,4.663359573082077986e+03,6.216562189719013986e+03,6.957473715899404851e+03,7.758861052206307249e+03,8.032115312998601439e+03,8.539971891255474475e+03,8.772422513706475002e+03,8.790850894832565245e+03,9.013460886795743136e+03,9.122737673322222690e+03,9.147820861409223653e+03,1.014364323328477622e+04,1.103491553064404434e+04,1.116261648056866761e+04,1.080205706873079180e+04,1.024592830105599205e+04,9.583281470555228225e+03,9.662298898251992796e+03,9.621444897416380627e+03,9.330871739307669486e+03,9.158956457922435220e+03,9.142199953549828933e+03,9.182966669475070375e+03,9.930936621166812984e+03,1.047614896749203399e+04,1.111364542575903397e+04,1.188379102684076497e+04,1.202232647858000018e+04,1.170837474473756811e+04,1.208399058998665896e+04,1.245743161152807807e+04,1.258988224565108248e+04,1.282425514175328499e+04,1.299667371043616913e+04,1.316532983284040529e+04,1.378583056220455182e+04,1.415079427295058849e+04,1.420923155666787534e+04
9.886030121626161417e+03,9.758804672266947819e+03,9.590794167909947646e+03,9.087580245593266227e+03,9.604822501542403188e+03,9.589900767767157959e+03,9.208989188191439098e+03,8.824601189113931468e+03,8.769648714057560937e+03,8.962011276479906883e+03,9.278939619660817698e+03,8.965639283570682892e+03,7.960569711583459139e+03,6.753226243014638385e+03,4.663359573082077986e+03,0.000000000000000000e+00,4.623426174509747398e+03,5.931135441196156535e+03,7.053516426146800768e+03,8.007446574519768546e+03,8.110764793035750699e+03,8.485768987620745975e+03,8.638179480910912389e+03,8.954147514070205943e+03,9.262139379179068783e+03,9.503223788227796831e+03,9.670840669892788355e+03,1.041666112409816378e+04,1.051108566855217032e+04,1.022712049520773508e+04,1.005893906851369866e+04,9.932985201317482279e+03,9.479639395010457520e+03,9.563693876825065672e+03,9.460118470513272769e+03,9.348174833948967716e+03,9.300385437609411383e+03,9.408371902747665445e+03,9.376001325510700553e+03,1.023172013414045796e+04,1.102402947404793667e+04,1.181924775717542798e+04,1.200481172709784369e+04,1.186314705146915367e+04,1.174721885666985509e+04,1.228717007242625732e+04,1.253284067122900524e+04,1.274244857671851969e+04,1.308104271536680608e+04,1.336795253980653433e+04,1.347998615320163299e+04,1.400905260563753836e+04,1.422221193354007664e+04
9.741492577902918129e+03,9.679221520156110273e+03,9.816282094399637572e+03,9.693621222730500449e+03,9.427920926202656119e+03,9.424311204107483718e+03,9.004272389270096028e+03,8.668586935826820991e+03,8.937226764766674023e+03,9.136120511126642668e+03,9.139133094580891338e+03,8.734696879823159179e+03,8.295814041518811791e+03,7.197184907709070103e+03,6.216562189719013986e+03,4.623426174509747398e+03,0.000000000000000000e+00,4.363821692806458486e+03,5.795747644645475702e+03,7.016881823465972047e+03,7.725128026863592822e+03,7.841003399789501600e+03,8.215893589131932458e+03,8.720327284549977776e+03,9.330879356869145340e+03,9.839545563762934762e+03,1.026422832880431997e+04,1.032718061426318673e+04,1.018963425790157635e+04,9.761380933037680734e+03,9.567386976110890828e+03,9.757983561740275036e+03,9.797479433899861760e+03,9.493224994241096283e+03,9.462133898906380637e+03,9.470912244657767587e+03,9.480457248372149479e+03,9.541021933268388239e+03,9.655490396052942742e+03,9.871881876134986669e+03,1.083703371611849980e+04,1.164790846408869038e+04,1.187168853146042602e+04,1.174884960126908118e+04,1.186909779310786689e+04,1.197231382684068740e+04,1.226663841438620329e+04,1.247533289409391728e+04,1.278842479954332885e+04,1.322070212641184480e+04,1.351249861155108374e+04,1.362896807593145786e+04,1.401142055527815501e+04
9.728514445797902226e+03,9.743653168907652798e+03,1.000922315663366862e+04,1.007364286658292076e+04,9.929659820966810003e+03,9.627252696896690395e+03,9.110330487570654441e+03,8.707807252267150034e+03,9.027732971820723833e+03,9.623136189800876309e+03,9.052447431375283486e+03,8.875745894188265083e+03,8.325280967044485806e+03,7.694756601733733078e+03,6.957473715899404851e+03,5.931135441196156535e+03,4.363821692806458486e+03,0.000000000000000000e+00,4.178105991502013239e+03,5.677911779007835321e+03,6.577843683531910756e+03,7.128394369595798707e+03,7.730288081914867689e+03,8.553754821730977710e+03,9.492094341171465203e+03,1.038606243411614923e+04,1.100792387807026353e+04,1.109795783030472921e+04,1.052977224221297183e+04,9.730106147087311911e+03,9.351442720432920396e+03,9.462841360902430097e+03,9.643689084122112035e+03,9.621907807129397042e+03,9.610934573736547463e+03,9.696858256115699987e+03,9.803368146807233643e+03,9.869422714572156110e+03,9.831184091110093505e+03,1.000072630572193702e+04,1.076418507030486944e+04,1.161381242734141961e+04,1.175111198172938020e+04,1.160821740880195830e+04,1.163060651789414987e+04,1.179131643841521873e+04,1.194463051372410337e+04,1.212132476742456856e+04,1.242711482300912576e+04,1.284609990425158685e+04,1.317160692739818842e+04,1.340889678545510833e+04,1.366093142138259827e+04
9.941985935503429573e+03,9.832701040683503379e+03,1.028310407892454896e+04,1.051697955113365606e+04,1.051767810966303296e+04,1.023812590034501045e+04,9.594071435814119468e+03,8.964738549127447186e+03,9.267279096397818648e+03,9.963771886550055569e+03,9.728794242254165511e+03,8.996073601653948572e+03,8.633133356890157302e+03,7.973633572355402066e+03,7.758861052206307249e+03,7.053516426146800768e+03,5.795747644645475702e+03,4.178105991502013239e+03,0.000000000000000000e+00,4.022325994346707375e+03,5.115850895267486521e+03,5.932574780232373087e+03,7.017968583605488675e+03,8.406517941518633961e+03,9.629262872689696451e+03,1.088834577793886638e+04,1.186325275002356284e+04,1.208068518911201500e+04,1.143163100853803371e+04,1.024794197624317167e+04,9.385582424408650695e+03,9.406460441317301957e+03,9.520459495144836183e+03,9.541896203770893408e+03,9.721785093992093607e+03,9.950737886831826472e+03,1.008017863842270526e+04,1.030452543647509810e+04,1.021521556455300015e+04,1.019971003864551494e+04,1.083651848834783777e+04,1.165709590178445978e+04,1.173016515574238292e+04,1.151058683736364401e+04,1.145490645258733639e+04,1.147405175329754275e+04,1.157795526890184192e+04,1.170739322306009672e+04,1.194303338922677358e+04,1.242792732723246809e+04,1.275798448580494005e+04,1.300708003507054309e+04,1.333769230752337171e+04
1.041245867528027702e+04,1.028206778770554229e+04,1.036208395813594507e+04,1.101786401975774061e+04,1.110560636870811686e+04,1.098746726546639366e+04,1.045441551327861998e+04,9.704326743021272705e+03,9.503997394893513047e+03,1.036164884828646427e+04,1.029025961398359686e+04,9.574134118105706875e+03,9.131913232466135014e+03,8.423409783993236488e+03,8.032115312998601439e+03,8.007446574519768546e+03,7.016881823465972047e+03,5.677911779007835321e+03,4.022325994346707375e+03,0.000000000000000000e+00,3.811091082156358880e+03,4.784290741192248788e+03,6.216093127141412879e+03,8.073612265428202591e+03,9.885375723279559679e+03,1.116859108012294746e+04,1.250920481421776640e+04,1.300410821303740522e+04,1.243842693767318997e+04,1.123878011763592258e+04,1.001331436772776215e+04,9.327100800557014736e+03,9.610037189283175394e+03,9.584616976825735037e+03,9.794888845095798388e+03,1.024371043757232474e+04,1.046979911562196321e+04,1.041748947884257177e+04,1.066306474263361997e+04,1.056203103195650328e+04,1.105004450405115313e+04,1.183351417657724778e+04,1.189814094841034785e+04,1.137866627923316810e+04,1.142366187022429585e+04,1.135116226676091719e+04,1.134947391052352395e+04,1.148096044092389639e+04,1.161373619434311331e+04,1.187783210613035590e+04,1.242467148884003473e+04,1.266387487564773255e+04,1.304271718384406267e+04
1.086378580469558983e+04,1.076506216707072963e+04,1.093816754648618735e+04,1.104296562563599218e+04,1.161091206819811669e+04,1.148576910794204741e+04,1.106639488342814366e+04,1.051319771856355692e+04,1.035259291825710716e+04,1.053668423668660398e+04,1.063621305163830402e+04,1.002498323521201746e+04,9.365260943140167001e+03,8.938297215966580552e+03,8.539971891255474475e+03,8.110764793035750699e+03,7.725128026863592822e+03,6.577843683531910756e+03,5.115850895267486521e+03,3.811091082156358880e+03,0.000000000000000000e+00,3.604218911930685408e+03,5.389190076540893642e+03,7.599707394439535165e+03,9.710029635916831467e+03,1.151069407327895169e+04,1.271364006608385171e+04,1.352774947528466873e+04,1.316844850802752444e+04,1.202855124666038864e+04,1.086859235270007593e+04,1.004232420434134110e+04,9.422039202370571729e+03,9.593086125306675967e+03,9.760334812601760859e+03,1.024833092110838334e+04,1.075473166533659241e+04,1.091315151500851607e+04,1.061856283558010546e+04,1.081943709265569305e+04,1.120419994153806692e+04,1.192214150199307733e+04,1.210931816261133099e+04,1.171841681574933682e+04,1.126513915435695890e+04,1.132935429899730116e+04,1.125005793535028351e+04,1.132602887323332288e+04,1.154789774561248669e+04,1.177516254704108542e+04,1.194483176957873184e+04,1.239729725392360160e+04,1.273839774531768126e+04
1.116780913678731849e+04,1.097585812025426276e+04,1.113546873649357258e+04,1.138007893641142800e+04,1.157982992952606219e+04,1.173491194869662286e+04,1.133337840466079615e+04,1.081663424266450966e+04,1.083920969817952755e+04,1.117602546301428265e+04,1.083602984541911064e+04,1.021700894340082596e+04,9.521431755508259812e+03,8.891272424370190492e+03,8.772422513706475002e+03,8.485768987620745975e+03,7.841003399789501600e+03,7.128394369595798707e+03,5.932574780232373087e+03,4.784290741192248788e+03,3.604218911930685408e+03,0.000000000000000000e+00,3.929423500265756502e+03,6.703897173166122229e+03,9.116216901104515273e+03,1.109394145624901284e+04,1.269465466401297272e+04,1.349851897188409748e+04,1.338767252199688301e+04,1.243219360315474296e+04,1.133990176196188986e+04,1.058839999535049719e+04,9.973208067637144268e+03,9.398577199173701956e+03,9.545246838991311961e+03,1.000152698730424891e+04,1.057091307243648953e+04,1.100018965825805026e+04,1.098698659460266572e+04,1.076764946531995156e+04,1.121222850054398077e+04,1.185907719101674957e+04,1.207128171836646106e+04,1.189322914806844165e+04,1.166923925729367875e+04,1.135847558224565182e+04,1.129416854086271269e+04,1.132526647714575847e+04,1.151712545524679081e+04,1.182669440081129505e+04,1.202689492810573211e+04,1.215952688538985058e+04,1.255074112607717507e+04
1.140835769959433310e+04,1.120138600262958971e+04,1.123842910115792256e+04,1.138603751220642516e+04,1.157290069161335123e+04,1.168481197944468840e+04,1.146839144021860193e+04,1.104734023328973672e+04,1.090200050634700165e+04,1.148056519888778712e+04,1.123403527421295803e+04,1.050425117204065646e+04,9.732392387519728800e+03,9.006314794430836628e+03,8.790850894832565245e+03,8.638179480910912389e+03,8.215893589131932458e+03,7.730288081914867689e+03,7.017968583605488675e+03,6.216093127141412879e+03,5.389190076540893642e+03,3.929423500265756502e+03,0.000000000000000000e+00,5.286947608156328897e+03,8.212939807064802153e+03,1.037155889520289566e+04,1.209642004382025152e+04,1.312060095747467676e+04,1.322477459226044812e+04,1.257368925940075314e+04,1.168205446889510495e+04,1.101801133163386112e+04,1.044510724614221181e+04,9.701860345751856585e+03,9.443546764840977630e+03,9.846825267688180247e+03,1.040117634956604343e+04,1.082725097265237127e+04,1.106606473739718058e+04,1.109765253127045071e+04,1.138368917494126617e+04,1.203183618253023087e+04,1.225923096149305638e+04,1.214417521345360001e+04,1.213021098227715993e+04,1.200428782245179355e+04,1.181772316936430434e+04,1.183397448257206088e+04,1.201524267689002045e+04,1.230552572694183800e+04,1.246674841298341380e+04,1.257728734510022332e+04,1.279761315577747155e+04
1.154957648448030704e+04,1.132878859574819580e+04,1.138925535265845974e+04,1.138692071559885699e+04,1.147543831921533820e+04,1.143304055944921674e+04,1.133524373244778508e+04,1.118512447246725424e+04,1.141133161791819111e+04,1.142407546192892005e+04,1.165007657415136782e+04,1.089367632876551397e+04,1.002960413184518438e+04,9.221641495709494848e+03,9.013460886795743136e+03,8.954147514070205943e+03,8.720327284549977776e+03,8.553754821730977710e+03,8.406517941518633961e+03,8.073612265428202591e+03,7.599707394439535165e+03,6.703897173166122229e+03,5.286947608156328897e+03,0.000000000000000000e+00,6.601024234760729087e+03,9.258288149014273586e+03,1.114839017156630143e+04,1.237050947815310246e+04,1.267549189141649549e+04,1.242572062845264372e+04,1.195213074371834409e+04,1.150027359611669272e+04,1.102559449825504635e+04,1.031093111743786903e+04,9.509721824680298596e+03,9.733181352693245572e+03,1.042114932620995205e+04,1.095757518634605367e+04,1.089683826140845485e+04,1.123484832460051985e+04,1.184728682281162037e+04,1.243664421546529411e+04,1.282224103023019961e+04,1.281455148686331086e+04,1.288439842797757228e+04,1.300888393665887634e+04,1.293709912066244215e+04,1.291291820137291143e+04,1.313058525231375279e+04,1.344554262597415254e+04,1.361443281636994288e+04,1.355395526921211240e+04,1.367470914071371044e+04
1.151723681108659366e+04,1.106279943209640442e+04,1.116195166248017813e+04,1.122458114715910051e+04,1.124419548415228746e+04,1.115418134165749689e+04,1.081682644113711649e+04,1.074893975588494868e+04,1.138181484123855444e+04,1.226581044318192835e+04,1.184851151237279191e+04,1.157071939267824928e+04,1.049183919097048420e+04,9.349580760060718603e+03,9.122737673322222690e+03,9.262139379179068783e+03,9.330879356869145340e+03,9.492094341171465203e+03,9.629262872689696451e+03,9.885375723279559679e+03,9.710029635916831467e+03,9.116216901104515273e+03,8.212939807064802153e+03,6.601024234760729087e+03,0.000000000000000000e+00,6.684761908376995962e+03,9.315454538206629877e+03,1.095047411893798562e+04,1.168711615588586756e+04,1.177196444990756027e+04,1.177475683180073975e+04,1.182522159924324296e+04,1.155588568550756281e+04,1.094121031263128316e+04,1.009691458806175797e+04,9.388936239453027156e+03,1.001182195702977697e+04,1.096402357772794676e+04,1.124859661822032285e+04,1.102511428423527468e+04,1.181984657823724774e+04,1.268918721475679195e+04,1.306880283511773087e+04,1.343050118942546760e+04,1.364669550202140817e+04,1.390930285777154859e+04,1.411502445185715260e+04,1.412902230994822639e+04,1.427696764840099058e+04,1.472741620256150782e+04,1.497895837416573522e+04,1.495098837088638720e+04,1.483935133632390716e+04
1.176609652139064565e+04,1.105807527269769889e+04,1.051287378849696324e+04,1.079126872354516672e+04,1.086452585024261134e+04,1.091215297356521478e+04,1.066633311951118412e+04,1.039267435779656989e+04,1.084843989795039852e+04,1.226568300357847329e+04,1.277456650392608390e+04,1.227626896655634846e+04,1.153539127554857805e+04,1.002761768768314141e+04,9.147820861409223653e+03,9.503223788227796831e+03,9.839545563762934762e+03,1.038606243411614923e+04,1.088834577793886638e+04,1.116859108012294746e+04,1.151069407327895169e+04,1.109394145624901284e+04,1.037155889520289566e+04,9.258288149014273586e+03,6.684761908376995962e+03,0.000000000000000000e+00,6.174378834681227090e+03,8.667736383047460549e+03,1.022200499933474202e+04,1.099094169460081685e+04,1.143619547140324175e+04,1.174609324998929333e+04,1.207950357022407843e+04,1.163277146015954168e+04,1.088869839340443468e+04,1.002216860471831023e+04,9.617380254290750599e+03,1.042843761014572556e+04,1.137300468506468496e+04,1.149941135709004448e+04,1.188011911724002493e+04,1.274977906349950354e+04,1.320918398862119830e+04,1.354266723857335637e+04,1.429735663585324073e+04,1.464999761409723942e+04,1.501710777903643066e+04,1.526300151922735131e+04,1.536272435243560903e+04,1.564344998089373439e+04,1.616967613885003084e+04,1.625972046950711410e+04,1.619433192665491333e+04
1.201890265000086401e+04,1.160912714562383917e+04,1.088637743813216366e+04,1.020482483876118749e+04,1.047703706645594684e+04,1.054238158577224749e+04,1.059680845674181910e+04,1.060253998008287090e+04,1.106767943030657989e+04,1.205060954030599351e+04,1.304398346219446103e+04,1.303840256233294713e+04,1.245667520900415548e+04,1.129529265914131611e+04,1.014364323328477622e+04,9.670840669892788355e+03,1.026422832880431997e+04,1.100792387807026353e+04,1.186325275002356284e+04,1.250920481421776640e+04,1.271364006608385171e+04,1.269465466401297272e+04,1.209642004382025152e+04,1.114839017156630143e+04,9.315454538206629877e+03,6.174378834681227090e+03,0.000000000000000000e+00,5.758977984259950063e+03,8.068740518162399894e+03,9.935883064053283306e+03,1.117088302046663193e+04,1.197541039515201373e+04,1.228046162636261033e+04,1.240656310639808544e+04,1.176455723117906746e+04,1.096972806393723295e+04,1.034884455154797070e+04,1.048148957135784985e+04,1.116803733054997429e+04,1.185951786374667245e+04,1.234901206166331212e+04,1.310239176437236893e+04,1.357864689376339993e+04,1.400387936171104411e+04,1.461800364876457752e+04,1.544203885073858328e+04,1.581835367169229721e+04,1.618151715679138943e+04,1.647838788365719302e+04,1.671658945815939660e+04,1.697277399975796652e+04,1.734974998791884718e+04,1.737117097932086472e+04
1.202329126338110109e+04,1.184196272694157960e+04,1.142831597979811522e+04,1.062529579414247746e+04,1.006562767349179194e+04,1.009062195078628065e+04,1.012738264687825722e+04,1.044198448336367983e+04,1.117021331933748297e+04,1.222234241215503243e+04,1.289845858119960940e+04,1.317692965113680111e+04,1.287857042124717191e+04,1.196776819460559818e+04,1.103491553064404434e+04,1.041666112409816378e+04,1.032718061426318673e+04,1.109795783030472921e+04,1.208068518911201500e+04,1.300410821303740522e+04,1.352774947528466873e+04,1.349851897188409748e+04,1.312060095747467676e+04,1.237050947815310246e+04,1.095047411893798562e+04,8.667736383047460549e+03,5.758977984259950063e+03,0.000000000000000000e+00,5.433461574142892459e+03,7.943096046600278896e+03,1.021018586497218348e+04,1.166060956840659310e+04,1.239943503892549052e+04,1.255494990482846697e+04,1.235472145495568657e+04,1.163358850761212489e+04,1.097509043716875749e+04,1.084896644505981749e+04,1.126501983569626645e+04,1.186441430937295627e+04,1.261300009109686835e+04,1.330379005235821933e+04,1.371440532225940115e+04,1.413266791862349419e+04,1.494372255091438819e+04,1.565563537896701018e+04,1.625356101906050571e+04,1.660929422137057190e+04,1.698790806540526683e+04,1.736447912576454837e+04,1.762738005772271208e+04,1.783186893364145362e+04,1.802592953826746816e+04
1.155372902496714050e+04,1.167296981796207365e+04,1.150173056928412552e+04,1.089029560105026758e+04,1.013956367407890684e+04,9.642833103432958524e+03,9.493981285656594991e+03,9.749613337813705584e+03,1.068552623764972486e+04,1.175898273226902893e+04,1.235310085714156412e+04,1.260698539629331754e+04,1.250665817664952010e+04,1.190994888289417577e+04,1.116261648056866761e+04,1.051108566855217032e+04,1.018963425790157635e+04,1.052977224221297183e+04,1.143163100853803371e+04,1.243842693767318997e+04,1.316844850802752444e+04,1.338767252199688301e+04,1.322477459226044812e+04,1.267549189141649549e+04,1.168711615588586756e+04,1.022200499933474202e+04,8.068740518162399894e+03,5.433461574142892459e+03,0.000000000000000000e+00,5.385172668871854512e+03,8.151256762287910533e+03,1.031208995013780623e+04,1.144979505117578265e+04,1.193184610075711316e+04,1.199977478361950489e+04,1.170798503441607500e+04,1.116156417681069615e+04,1.083788301415418937e+04,1.098063514461371233e+04,1.149035974485489351e+04,1.241247044187632127e+04,1.318521022287507003e+04,1.343688163685965628e+04,1.367402136168004836e+04,1.437244069349741585e+04,1.524387677881807940e+04,1.583854667247292855e+04,1.627006417012699058e+04,1.668058234106791861e+04,1.712592855871871507e+04,1.743212751254395334e+04,1.765272059537226232e+04,1.786663739502489261e+04
1.086305403033555922e+04,1.108016563598722132e+04,1.135945335334567790e+04,1.097031574049855408e+04,1.036969542769895634e+04,9.682813404848189748e+03,9.089245151513785459e+03,9.046470920355894123e+03,9.958814701868996053e+03,1.107097184324162663e+04,1.145788561784998274e+04,1.162916537814742333e+04,1.154894365524094974e+04,1.120326536214486805e+04,1.080205706873079180e+04,1.022712049520773508e+04,9.761380933037680734e+03,9.730106147087311911e+03,1.024794197624317167e+04,1.123878011763592258e+04,1.202855124666038864e+04,1.243219360315474296e+04,1.257368925940075314e+04,1.242572062845264372e+04,1.177196444990756027e+04,1.099094169460081685e+04,9.935883064053283306e+03,7.943096046600278896e+03,5.385172668871854512e+03,0.000000000000000000e+00,5.478968510551932923e+03,8.085657595806478639e+03,9.626880161065526408e+03,1.043178632234803626e+04,1.088631142090106368e+04,1.093063656243805235e+04,1.076921830485441751e+04,1.066474857973912549e+04,1.051408460080230543e+04,1.083425282018989128e+04,1.176659251576932184e+04,1.272861675539180760e+04,1.292699977185558237e+04,1.296830113926604463e+04,1.340048335979229523e+04,1.414037108594024721e+04,1.482645488959408976e+04,1.524839308287808308e+04,1.570070186778877542e+04,1.624488440312316925e+04,1.660192830797477654e+04,1.683136117705078868e+04,1.707997353653853861e+04
